501743744266559488
501744205132468224
501745443471384576
501966593463963648
501985651085312000
502019385566199808
502113339007594496
502134280789950464
502138567406407680
502138807513145344
502140648599060480
502158637335597056
502158641592811520
502158668260188160
502158665886216192
502158670466412544
502193824974647296
502201548592922624
502202223619997696
502205614001385472
502216258776236032
502370707074854912
502377430217400320
502377645678804992
502377881268666368
502384669527400448
502402865290551296
502403483463852032
502403612048633856
502407070075719680
502710658048466944
502718076052594688
502718243354992640
502729174248079360
502739889423929344
502740364722458624
502742148400549888
502859084199383040
502906400973262848
503814210930114560
503816633048379392
503833041723486208
503833072413179904
503835602719354880
503847721456128000
503924740135063552
504178014973067264
504195422089650176
504279263206735872
504542392675233792
504548398851444736
504920930213437440
504968449245065216
505261130495709184
505286275134681088
505337494737788928
506357600125198336
506357960785006592
506477886107566080
506724567432589312
506765994988421120
506766161883983872
506827195034382336
506836631610204160
506988493240020992
507026758013431808
507075028949946368
507075038227730432
507075066681892864
507075108738195456
507075604379095040
507109856927838208
507200516531970048
507257877804089344
507448395733422080
507449462672076800
507557225041514496
507587461023678464
507758083146539008
507797554546114560
507798311185944576
507902240775221248
507902274237382656
507903957768101888
507904171002298368
508924066926174208
508964675841966080
508965045041377280
508966282637901824
508982931314839552
508984649876770816
508985769005187072
508988388410920960
509014250925211648
509015526983868416
509058710417993728
509105451645288448
509240289450409984
509241297216208896
509284315696750592
509308108905398272
509339698461163520
509364336398446592
509635623637245952
509697703056793600
509733676796489728
510001920355074048
510068591820288000
510335318739140608
510335333134004224
510335347440754688
510342881186693120
510344303689101312
510365837124177920
510420294524096512
511420243093516288
511432502876332032
511505014544936960
511784306071846912
511812231605256192
511812588725108736
511858307544645632
511858321725620224
511889255120257024
511920233729114112
512143490437115904
512143840745357312
512145155110219776
512145397004124160
512213753556107264
512241761306288128
512389059646214144
512548025269780480
512592423797936128
512602558930878464
512870441183371264
512886018228641792
512886773655932928
512968550416658432
513964100679114752
513979191868805120
514022919773908992
514022935003430912
514025319083548672
514041504080592896
514348618904797184
514353748907671552
514355410154053632
514667793544146944
514690247071105024
514698992824094720
514758780182360064
514761991387631616
514791380263391232
515050715421896704
515058042841616384
515063685828853760
515126022610911232
515126191498739712
515127372560220160
515147884418048000
515148265281843200
515413511720415232
515430037190094848
515430604641689600
515431496673660928
515436128493899776
515460629319417856
515464221564624896
516515604254445568
516517007077175296
516522330559111168
516543224006332416
516558868491812864
516563120949829632
516572510683693056
516583580836048896
516585150596272128
516585314597736448
516585336580091904
516585418729717760
516595487777259520
516717611925532672
516860383966273536
516872919646220288
516873393107640320
516873553590112256
516877037093814272
516918237196746752
516956082368155648
516978660507918336
517210762071506944
517249965140496384
517279284160126976
517279298651422720
517290141476724736
517307572882526208
517372416432287744
517374016097910784
517579655352946688
517594233457618944
517599767355215872
517600614843711488
517627739483148288
517654562497630208
517664629544464384
517664784624652288
517664862848421888
517665200317947904
517674451388084224
517945980118134784
517946010405183488
517946359878795264
517946654721601536
517968301155430400
517968428045721600
518038694964785152
518039473385652224
518656895645540352
519034921541988352
519071546246451200
519089812129583104
519102554077409280
519102716090777600
519102754682585088
519102926120583168
519118686410792960
519237444747943936
519391407229136896
519391854228697088
519391940790734848
519418247255699456
519419209991090176
519419495581249536
519419657661743104
519422651849539584
519502447468109824
519775406480584704
519872955946631168
520120056009990144
520135500179722240
520152615192363008
520169085385330688
520188175814524928
520211286995763200
520214964054024192
520494461949079552
520507582017183744
520513621005447168
520513897191993344
520514134753157120
520568459265318912
521575832461262848
521584717070884864
521642424167583744
521646879210483712
521948833933426688
521950314002280448
522040849895813120
522298735632842752
522301218912489472
522371584397701120
522658802534191104
522658971006803968
522704768138223616
522740231137927168
523021504175673344
523028446768029696
523054650006970368
523104156803166208
524114930388455424
524195255307210752
524237561401581568
524485152870002688
524574788795502592
524852532087377920
524906574650015744
525165517896962048
525189696847360000
525211947189673984
525260239579652096
525269258969042944
525558731720130560
525558765257756672
525561796082806784
525595837536407552
525611807176945664
525622337451081728
525645844759207936
526356598101270528
526660915572527104
526660955858812928
526660972636037120
526712976712409088
526722019770241024
527034762482180096
527105613147684864
527111446191419392
527378293902028800
527379361109123072
527394112165933056
527469892728266752
527755815566839808
527775373682286592
527849124226674688
527849930141220864
527849930107650048
527850083992485888
527850273394679808
527851134363652096
527851443567738880
527851446101110784
527857429556776960
528104915919327232
528131767207612416
528132253017051136
528132577274507264
528136709188227072
528193308208947200
528200876171988992
529213024876638208
529270810847232000
529611804570570752
529646994340724736
529916023613702144
529920062535532544
529973203935182848
529974440038498304
530282593410097152
530282669054373888
530360793775472640
530379628398272512
530686841138458624
530714690595610624
530714892677169152
531771113022689280
531771139920764928
531800881055145984
531844069803048960
532154557967892480
532455901266194432
532463205776650240
532527964198817792
532531662044020736
532532147123683328
532532912361844736
532533529155239936
532587523932164096
532824338148634624
532830250263392256
532893661382852608
532910032351158272
532912753170993152
533176713120055296
533209123530493952
533210183544352768
533255404294529024
533302369023688704
533305735892176896
534268568788303872
534268585922019328
534268863341686784
534288947271462912
534289199563014144
534367656057798656
534367682045693952
534631545618067456
534667135088607232
534724355549585408
535002462659551232
535005756387770368
535048688679530496
535353378835271680
535353483231109120
535354286331691008
535354660652351488
535359626578239488
535361880395878400
535394192705736704
535398484837666816
535457845802983424
535476816723836928
535715070945550336
535764144935682048
535764301269975040
535765515172847616
535766585320165376
535766971426811904
535774292274065408
536803290697437184
536803317046071296
536803840465854464
536804712348393472
536871426658410496
536874321399263232
536875696795447296
536912926133997568
536930554898550784
537178132286300160
537225450662416384
537226009071058944
537257689529999360
537531956964380672
537536724369698816
537552278379843584
537565370220294144
537586016455258112
537586309398032384
537597788700557312
537929685968371712
537932193243611136
537932864575516672
537984337455890432
538012854834958336
538023197242040320
538283733422718976
538313085388615680
539396894150381568
539396915134492672
539399761338855424
539470171178795008
539473270228418560
539714884125347840
539715176493494272
539737593836236800
539739828716589056
539780823474778112
539782131959218176
539785923735879680
539792328488419328
539798871749439488
539818020915666944
540065716326920192
540096909315440640
540118357450964992
540118371568975872
540118388144885760
540118430205349888
540118474895683584
540118512896069632
540118539525697536
540118582202744832
540118624623947776
540118665317081088
540118723970203648
540118765464457216
540118805939490816
540118870695366656
540175120309161984
540189821717979136
540191493148114944
540435545244303360
540439033084903424
540478165421142016
540478221574475776
540479267499683840
540494960962052096
540509993976754176
540510220553031680
540535064950743040
540535409537982464
540803139604316160
540803165231521792
540803178015760384
540803895958978560
540804193683243008
540871427784982528
540871909140090880
540872213730426880
540909174042157056
540909668558974976
540910749200437248
540910989668278272
540911161907376128
541195479787122688
541203143020019712
541204536346832896
541204881890344960
541218734485282816
541345752262656000
541345975995224064
541346016499613696
541346076046135296
541346091850280960
541559458003181568
541590777781301248
541825243095269376
541877018015842304
541877070188777472
541877093702070272
541877111968243712
541877967509811200
541878136565407744
541885214692478976
541885541692997632
541905610791727104
541973972188160000
542252764865511424
542253590900129792
542332936142741504
542333165193691136
542333265726939136
542363971983273984
542364072583630848
542364540957392896
542365062737199104
542365285710573568
542365341285093376
542658476770873344
542662872242085888
542669530196348928
542693303461101568
542694401693454336
542713431292665856
542970254214037504
543041215797927936
543074463768936448
543335398626566144
543343391833358336
543343894877188096
543355983976992768
543436989820063744
543733746177155072
544091085208059904
544427054419443712
544427581848965120
544428174244065280
544527780965535744
544529928310779904
544530056828428288
544530107956985856
544562149188980736
544661954548494336
544780782431391744
544798226403319808
544853339276853248
544853770942021632
544885693731049472
544887481779650560
544887509755658240
545144616711098368
545174436316708864
545174495288643584
545174573290110976
545207521297051648
545221545782956032
545221672446754816
545222723069562880
545507520723574784
545573561516425216
545574357763112960
545574403166461952
545574628698374144
545574932680560640
545581757035454464
545623703594496000
545863908574380032
545871095170342912
545889071525269504
545899497977839616
545976445995331584
546233902499905536
546234477794848768
546611322067386368
546764219224719360
546946697147191296
546947162589106176
546976223629291520
547021291057078272
547096932045582336
547097096579723264
547351065214341120
547395826558197760
547449913521758208
547450689916768256
547533604105228288
547696208580706304
547735581468667904
547752093788819456
550261423373565952
552026489806680064
552027851315478528
552037608864620544
552087177086382080
552090546639216640
552102593749864448
552120215455428608
552150117177110528
552414979362947072
552442976241479680
552444485180084224
552470962588114944
552747256705990656
552755366455693312
552840050397179904
552840068977917952
552840536462475264
552873740913369088
553150602310860800
553158410716577792
553185859772907520
553194148032172032
553213873478991872
553214101011566592
553478401886289920
553498675667017728
553499423263973376
553499717284691968
553507882587942912
553554733005549568
553571675036336128
553838677093130240
554252491781853184
554252505274925056
554252531610955776
554252562850144256
554252623550115840
554577494373040128
554665960490409984
554926500857008128
554939853503483904
554945737113763840
554954007413022720
555015068111605760
555303358185996288
555349765014450176
555350104321040384
555351348833964032
555354743003168768
555364356729622528
555365364666994688
555373722711126016
555387437279879168
555388360949530624
555394837663731712
555397971958050816
555658827933417472
555659048553816064
555659734024720384
555708247743950848
555711867688353792
555717053731332096
555737836578938880
556024041916882944
556071735691603968
556121210745270272
557099243429957632
557125944117571584
557126649322676224
557154276183900160
557180696805253120
557216425853849600
557216476290355200
557238555320147968
557459385757474816
557459802180186112
557460241215131648
557460342268518400
557460455011409920
557482266851835904
557482852762533888
557552264848891904
557552444822286336
557579634825768960
557822868898447360
557823161803493376
557862733857964032
557904448018980864
557929354257502208
558201560535412736
558211219660996608
558253758493515776
558254699573706752
558300175975055360
558300308770930688
558549612781666304
558551244651106304
558557268124655616
558560880544448512
558571079418265600
558621744664428544
558660029608640512
558662574234140672
558919042166456320
559640885412237312
559641679549202432
559654175240630272
559658847296831488
559699259155820544
559699489968365568
559758292105576448
559998616472129536
559998667164495872
559998837386117120
560002240489218048
560066984239722496
560067277182476288
560097426904596480
560113610450825216
560113804236034048
560114043743395840
560357668758781952
560357685250777088
560357804025081856
560360947362308096
560361657025953792
560372966182379520
560474028583161856
560477568374435840
560718681357840384
560736879692099584
560780324557189120
560780466098569216
560782330697383936
560797550220156928
560829870658170880
561079664597549056
561096097205329920
561103142075772928
561103638786220032
561104543917019136
561105559467073536
561105605960937472
561106913673633792
561117621874348032
561118974868717568
561140772360425472
561141073805074432
561144980870529024
561144993512194048
561145012566900736
561172538706120704
561173133949173760
561198414546108416
561200323369644032
561532361549291520
561831075064721408
561832871653306368
562138196625326080
562181410019356672
562181746293506048
562193587149221888
562199469908058112
562199884871499776
562199996716834816
562214373289394176
562227337581035520
562264652361793536
562266272801771520
562531236544249856
562534300709826560
562534629979484160
562539163409711104
562540017944637440
562540279392378880
562597539430817792
562602135700135936
562631687621070848
562895298008481792
562925055118958592
562925133623738368
562925778170834944
563012090450173952
563270592754094080
563283800558686208
563285393597280256
563286174140465152
563286476121993216
563293839293968384
563310610151403520
563310741756076032
563311137887100928
563311252261588992
563322693156888576
563335271098626048
563340334844100608
563621102128476160
563642256155213824
563676695849623552
563704723254300672
563708876823232512
564075882336485376
564118321822724096
564126073865404416
564126441927745536
564708228324659200
564708529416970240
564708626972307456
564726971939033088
564736717518045184
564737941231394816
564738712064774144
564738738056884224
564739217453244416
564739402153619456
564739504112926720
564792812571742208
564793250343821312
564839306817466368
564910708065075200
565047718125785088
565090800036769792
565090825491972096
565090841459716096
565093432025440256
565094092829646848
565094836718821376
565098418776072192
565103907098361856
565132540810625024
565132555251617792
565139940909277184
565140229712248832
565141040437657600
565141369636012032
565142191778332672
565143104702119936
565165039087542272
565165462166994944
565166967993401344
565171341251600384
565171340194627584
565173396447973376
565176240160903168
565176321563975680
565200687932661760
565200710980354048
565201086840307712
565201108432605184
565201134458265600
565202300856434688
565202506167640064
565203319225069568
565204017832542208
565204200565800960
565204849726603264
565204861776826368
565204886787477504
565204905921904640
565204919620489216
565204933881106432
565206311001149440
565224371305082880
565265849872031744
565432267720638464
565432931477635072
565459032086183936
565459768157155328
565461985119461376
565462816870899712
565465173625143296
565465523572731904
565466444423757824
565466469719629824
565467083962867712
565468074959446016
565468776976891904
565472233804800000
565473317017370624
565474578282319872
565475127467712512
565479907095236608
565497477768695808
565499544214183936
565500264795602944
565501102427500544
565502894523547648
565505946794094592
565508066062663680
565522841534464000
565522868239622144
565522888955281408
565522911168307200
565522945213468672
565525756936482816
565549756764921856
565549781519720448
565550091940159488
565551254261485568
565551978382905344
565570813341204480
565791582738472960
565792281043943424
565855452215644160
565856107588222976
565861676004954112
565862121259679744
565863596086005760
565884736464506880
565886779593863168
565886897592209408
565889394486571008
565889607129387008
565895025692004352
565895515678597120
565896932149985280
565899189469851648
565901150298599424
565901768715149312
565901924130906112
565922047680065536
565997359780605952
566000127668924416
566003827934232576
566142709577302016
566199082910490624
566239702404313088
566239798328049664
566245650774646784
566245924889198592
566245977179574272
566246502490984448
566246564046598144
566261322489540608
566261360653500416
566361358921240576
566392193309769728
566394038438608896
567244656380227584
567245188419301376
567245360771633152
567261109548486656
567262725081161728
567284345900371968
567333195767894016
567334558585323520
567338699852365824
567603873041616896
567608052283891712
567629566119006208
567632001554190336
567673436609454080
567712034729766912
567969751798046720
567969967158763520
567993770588946432
568088413544579072
568326018857103360
568326607804493824
568326930971410432
568344793602002944
568405041486434304
568407057075970048
568418086774284288
568689527285518336
568698218076360704
568706214391123968
568738655126331392
568741761314648064
568746454296207360
568750456463351808
568784782945067008
568784992723214336
569086744517328896
569781678132105216
569782841963388928
569788160185663488
569790340464545792
569792469828829184
569792783059451904
569803852398141440
569846558872768512
569870507534909440
570151262513188864
570151426132975616
570151759370461184
570153970490081280
570154450012246016
570156102618206208
570156301117984768
570161550876672000
570164346598375424
570169765983080448
570188768839409664
570209355599126528
570209970467291136
570234482009219072
570237387042906112
570237505750102016
570237575195168768
570238171541311488
570506330852737024
570515335885033472
570531606403756032
570580413636354048
570601943921528832
570616530330898432
570616639827419136
570618367784177664
570622353857781760
570651389510221824
570909525676580864
570911410638737408
570955257989242880
570955321168007168
570966002718154752
570976414847119360
571154015901196288
571192105781084160
571238826204663808
571239460593131520
571240275810656256
571258419597987840
571299869479927808
571312084677369856
571314980936658944
571328328264777728
572312490173968384
572333648915128320
572385848215392256
572412618457133056
572413669579104256
572413737677791232
572413791830466560
572512543681462272
572679806908821504
572680087126089728
572680948120215552
572681479475617792
572681883454218240
572682289492193280
572683876063186944
572690366329180160
572704012585308160
572707094073380864
572707185374978048
572729437369704448
572743579011031040
572786223347052544
573049501772083200
573050039947411456
573050073980014592
573050181027028992
573062746352312320
573066404536197120
573150299969458176
573163561712664576
573400282949947392
573416087246778368
573431460847357952
573471470480932864
573482043839021056
573496429756432384
573773058902781952
573773799772045312
573786417366634496
573809041195016192
573847276260495360
573850654713733120
574507873507504128
574856864019644416
574857296473382912
574857472613203968
574863488834756608
574883549741973504
574928524156473344
574950441739382784
574965760537313280
575020743165132800
575217401421299712
575237764200972288
575237836888272896
575268614569328640
575283940832985088
575327419361554432
575575926525837312
575576065814437888
575589995693613056
575616458794864640
575644332440580096
575684466133364736
575942044616630272
575942101923459072
575949557382660096
575959708630011904
575988696178167808
576010851905331200
576038219793502208
576038382180106240
576056044125835264
576304413578493952
576304689374978048
576305033677000704
576310303606059008
576322150300303360
576323825933107200
576330511171379200
576341040254357504
576342404749504512
576342401373089792
576380884259106816
576386537761304576
576388015989256192
577389193007140864
577389401560506368
577389625410465792
577390821592416256
577392210892689408
577392384155209728
577401348334993408
577461029854191616
577462471151235072
577463459316670464
577484645031346176
577498290205392896
577510911541403648
577752313667911680
577764034910531584
577764247373017088
577764687602925568
577765644847980544
577765691710930944
577765760275206144
577765992547426304
577793354701897728
577798505135210496
577814701196857344
577814900279517184
577843738782892032
577844080597737472
577874685230206976
578116797037072384
578117260830609408
578120042782425088
578176069800501248
578177047350104064
578183694155964416
578188261165830144
578192721732583424
578213110210760704
578213160810840064
578220097824821248
578487383391363072
578488031197442048
578498289399652352
578498483373608960
578498655260393472
578520783061958656
578544050460045312
578555667826503680
578556592158826496
578632007942578176
578848445785640960
578850249365676032
578865172007256064
578875960700854272
578876068196663296
578926121128996864
578926543277273088
579221678770642944
579408383901609984
579408577569378304
579931106260172800
579931832512315392
579932288970031104
579932494004428800
579933269048877056
579933994952847360
579945112375062528
579952141521010688
579984057070706688
579984457068900352
580004077557432320
580023513874112512
580023671500218368
580025849812004864
580029026175197184
580138219846680576
580147672776097792
580147844067291136
580287506127720448
580287966670635008
580288351837810688
580309108122890240
580318152413822976
580330232353304576
580395636689911808
580397499120246784
580398344540930048
580398570815225856
580655216678301696
580657097056104448
580671904824049664
580671961380032512
580715613053648896
580716728147144704
580751281037312000
580776459918262272
581019222970535936
581019247914037248
581019518744449024
581019723862687744
581064951256768512
581077488689889280
581078110990409728
581078364825501696
581081357905997824
581092451064086528
581092524762202112
581096413288931328
581113569657384960
581114180389982208
581114306680475648
581147887607902208
581379275275833344
581379864974008320
581395527343849472
581403952903819264
581417991428014080
581421124925419520
581421326893760512
581428930382544896
581456096440766464
581477782422687744
582224972602540032
582226660281491456
582226856042217472
582455479026245632
582459791420841984
582459789541675008
582512455185760256
582514638572666880
582516150451380224
582801963533897728
582807202169262080
582807299770695680
582807357664727040
582808007198801920
582811250767372288
582812177842749440
582817232767610880
582819603329466368
582822202371760128
582822420588797952
582826409753726976
582843316506640384
582881964065161216
582888822792404992
582905220620906496
583177798157799424
583177887571918848
583177925303922688
583179782768168960
583188866116485120
583228350677827584
583238356152246272
583268715078279168
583270884061917184
583289491244208128
583539059219427328
583539540259958784
583539560002560000
583543153644429312
583567770614398976
583570000260296704
583583044365393920
583607098807816192
583630234202804224
583630254566158336
583660828945227776
583924770732908544
583924803993788416
583927490432860160
583929296693125120
583929525043597312
583929577950605312
583929974975029248
583936891101302784
584005594945818624
584006877245263872
584007343454740480
584018785889361920
585337397082226688
585359415781548032
585377077043539968
585400529444085760
585450012555014144
585454179575037952
585464405565042688
585464439928971264
585720303642345472
585721761531961344
585721759028142080
585740543415754752
585790969565425664
585817781582565376
585831344875372544
586073762560405504
586078629261606912
586119475826679808
586146222941044736
586443029801611264
586449126507720704
586467608435752960
586473140093640704
586519773694930944
586520654003974144
586521936311820288
586523905990492160
586525156824240128
586528617305219072
586539888373276672
586542574007099392
586622902331637760
586633156159221760
587537741652459520
587540317383045120
587541141601579008
587544520646066176
587599915179737088
587600415077900288
587622041932734464
587887343081758720
587953628893286400
587960786577973248
587976552702468096
587981876838719488
587983552039485440
588271223571927040
588272536221261824
588317957815668736
588340834048876544
588372674432339968
588425340558663680
588610078065827840
588626498778574848
588636200317165568
588649586090184704
588663312398843904
588668998364999680
588673750092161024
588674400477716480
588685338354307072
588689936632582144
588962256257421312
588972950126206976
589024598349500416
589051215259930624
589051979722203136
589052463157628928
589366777835982848
589367262005571584
590047379254026240
590047466772426752
590057901168951296
590084217108885504
590111330901819392
590126915563958272
590134709969145856
590161232256196608
590178524142706688
590179506868060160
590423931187761152
590432205652000768
590451105747890176
590455098561667072
590488518217977856
590513256797708288
590542285877686272
590544628174163968
590783083873439744
590796901328486400
590796929984032768
590804716973613056
590840051858149376
590890240384045056
590890300618448896
590890902043959296
591146384495116288
591160280714993664
591161061744730112
591174275119378432
591180731344367616
591217492476858368
591219982911975424
591225077871595520
591240873867776000
591509854612639744
591509891870691328
591510131646406656
591557423141380096
591572231983124480
591578692524060672
591594318533623808
591611159872143360
592433479960240128
592599389937479680
592600765899919360
592661463208165376
592679926110789632
592695027836579840
592706018645258240
592961137064423424
592961325959090176
592961608898453504
592981688592015360
592994635825455104
593022124811546624
593036436196188160
593050162748137472
593050361407131648
593055434627555328
593338621224169472
593397881115156480
593440109510434816
593441077731942400
593694371729539072
593705403780886528
593722468637900800
593724384071790592
593741404846850048
593743448299143168
593752534281375744
593757961870118912
594314810361290752
595135886423101440
595139289870118912
595167330864386048
595210638164684800
595212577124315136
595252340090875904
595494811110637568
595507754845999104
595513670169399296
595515206387769344
595519047049019392
595542948172976128
595554183283081216
595554846209638400
595585904095404032
595609157505388544
595612841740238848
595635592874106880
595859699435700224
595875827746746368
595893076805218304
595920231740104704
595945657736781824
595955653010706432
595984074474393600
595984298647359488
596227541263851520
596228118622380032
596229206008279040
596263994404511744
596282792817852416
596296590962360320
596301006352293888
596329832096636928
596602370685022208
596605338461286400
596619340876795904
596638632892575744
596951838274035712
596952026518560768
596952059070586880
597107296796332032
597543064643731456
597682622442172416
597688404860608512
597743977018707968
597752639430991872
597768365889949696
598031330497175552
598047697019531264
598050095439998976
598086721327202304
598127581767016448
598405399059046400
598427657177554944
598449618708537344
598488365147762688
598507210864459776
598647806384074752
598831392437338112
599102624764456960
599133639188684800
599163158016688128
599171804968701952
599199592069132288
599334421204959232
600242675896471552
600244595906215936
600291452254564352
600310293412106240
600317483057283072
600578199991558144
600590432570060800
600607463625359360
600643206338994176
600653278494482432
600665221049495552
600940088672006144
600949614007742464
600967896932704256
601041483098128384
601296965524135936
601339109852995584
601364326885101568
601416449354235904
601426611028815872
601693229822652416
601711988033609728
601724873287847936
601743846582689792
602761789441323008
603105055877820416
603105214942597120
603127036593471488
603138512574095360
603175674715742208
603196008907038720
603196054465585152
603196900314116096
603229123293650944
603468135270895616
603468223036686336
603476601750294528
603487861023895552
603506244683505664
603508483636461568
603545021304963072
603588163613892608
603589156955148288
603872905420808192
603901035610968064
603910493422616576
603948336148848640
603949428244897792
603960094565478400
604194424915169280
604194481018179584
604216087736111104
604216499964874752
604248502798045184
604283348643680256
605279300389089280
605279340360777728
605279914342944768
605280865111973888
605307353601331200
605328957689298944
605363325250220032
605363630947856384
605387616607961088
605642062600503296
605642116144984064
605644032027541504
605678821313015808
605717393864802304
605738774325280768
605738837256613888
605742905878265856
606009602195505152
606009632713240576
606013634867826688
606052974582972416
606093676591390720
606119227532169216
606362896067624960
606362975952322560
606363307713425408
606374107693875200
606391728044654592
606421341105987584
606489715710259200
606489790360514560
606726747040714752
606726835485966336
606727060543930368
606731970433982464
606770907273654272
606774475892359168
606814009233281024
607077688784896000
607166607144722432
607792873254322176
607813190693568512
607813267180941312
607813327302074368
607813398689140736
607813932116504576
607816696540315648
607847264413974528
607847898391420928
607855300029349888
607855877643730944
607874654498365440
607875420898390016
607875867268792320
607876612554682368
607876682398187520
607876818717298688
607877065610825728
607877458478702592
607877831348133888
607880390276218880
607884933676302336
607888689323208704
607900672625909760
607918992825679872
607919142042275840
607929696626610176
607929718298537984
607937233593769984
607940040178737152
607940632787709952
607941497581891584
608175522418446336
608175598750564352
608175645554802688
608182882373386240
608204167593762816
608204386003783680
608204884337410048
608204908186042368
608220766660788224
608220905974726656
608222439030554624
608222642957631488
608229633956433920
608247913903439872
608248035735388160
608249498087899136
608257814797107200
608296040031240192
608536828115824640
608549862259462144
608618168341409792
608628049014321152
608677646545723392
608900414050807808
608943575175454720
608974521953996800
608999401118244864
609265432189644800
609265497465561088
609266205975822336
609266558167220224
609273357624844288
609297773284982784
609301621936361472
609301929253072896
609328985101729792
609359521522319360
609385124799582208
610362372868288512
610385030758600704
610430405074898944
610443833516650496
610715789046497280
610725203497381888
610768446910033920
610771309354688512
610785729929736192
610819805675962368
610828198578913280
610838055478501376
611084804059176960
611098171394162688
611102316788363264
611116734804815872
611161126873747456
611162637720809472
611170132312895488
611189591316561920
611446892657025024
611451543083163648
611501775695253504
611511441258999808
611519130836054016
611524519002546176
611524640738025472
611562379726487552
611801416357838848
611801468509814784
611829246865088512
611844508037287936
611848481481863168
611878517253513216
611881941781094400
611889431532834816
611908670281121792
612575525278740480
612888873723686912
612888952786288640
612915264934555648
612923899001618432
612953817106264064
613002409535778816
613252392595910656
613265957671280640
613319810026442752
613356354896576512
613615621809565696
613620855994753024
613625637568278528
613627831839428608
613667319307468800
613669181502976000
613669423141027840
613674852050935808
613681074095456256
613702611150184448
613707315020201984
613708633608724480
613717151954927616
613737441753726976
613737665524047872
613738026506813440
613741170586460160
613936094955089920
613956822261735424
613987539981049856
613989321419456512
613989350607556608
613991103361060864
613992911567458304
613998722595323904
613998842737000448
613998928690839552
614006012866129920
614006020252241920
614049914855669760
614068123029909504
614068232081833984
614079912748711936
614335293672542208
614335419325530112
614346062220926976
614366057298567168
614370926927441920
614411294360367104
614427953968074752
614439020601458688
615224576755298304
615475677027004416
615476570904506368
615500449337208832
615536069765918720
615786589860462592
615820064613384192
615825460094758912
615832779599781888
615867886155005952
615886873890844672
615887063553048576
615893659809132544
615893754264817664
615900921139208192
615901132024623104
615901542810537984
615904760038866944
615906697975058432
616136359112241152
616136467648258048
616139026794455040
616139122206461952
616140843909517312
616159329444466688
616179411923116032
616196165105811456
616264650037067776
616264667137241088
616264757797093376
616265006187843584
616266676292722688
616509843990552576
616509914639429632
616516069927309312
616523493698629632
616542869923479552
616585873602187264
616586083996966912
616630413008760832
616874695808446464
616885355099217920
616890024546697216
616905099009490944
616906288413454336
616918982306713600
616939713585414144
616970002260971520
617001369187303424
617958519095074816
617982964874498048
618005371316228096
618031007262986240
618031740305735680
618051788986396672
618318557571612672
618334908344238080
618337251739705344
618351441594421248
618358942629031936
618360280746209280
618398281748619264
618418223676002304
618418481420234752
618685438719598592
618692364148805632
618701506544537600
618715174095224832
618724718909112320
618764622565388288
618794334020894720
619044430293659648
619045832554344448
619045940377329664
619046306028355584
619049334089351168
619049431879557120
619061237469577216
619086601109532672
619104485080702976
619116060206333952
619121342755897344
619128189110091776
619153681813008384
619407300323876864
619407342912831488
619407552120528896
619420818028662784
619441877704577024
619442209528655872
619461839361982464
619469673587974144
619505479375540224
619621800973103104
619871853344104448
620501599375466496
620522500997443584
620523407768223744
620534404490768384
620588154215600128
620613603130015744
620880127250026496
620880734220349440
620882538899329024
620918848817131520
621214187071623168
621214277781823488
621214403854245888
621214611753320448
621240711208435712
621257121573785600
621282732971282432
621296102638272512
621302691084521472
621324045804568576
621577117839527936
621594934915780608
621649124014882816
621659300511911936
621677153487294464
621677241609666560
621937161231798272
621942638753746944
621962410266619904
621963699557937152
621982761310650368
621992229142441984
621993322509377536
622013843443740672
622042041384607744
622331735817097216
622399244377436160
622692872362418176
623032507102064640
623032606662242304
623033410706120704
623035339477790720
623035917364789248
623036821447049216
623045093193289728
623056099168636928
623056772203294720
623096895863398400
623132068394991616
623156884502089728
623408145776406528
623435417346551808
623462585657069568
623465233235988480
623476177404039168
623483839508271104
623519571102797824
623758861678301184
623795476576509952
623839036449386496
623855996537057280
624014822770741248
624130177837203456
624150435931267072
624187953909252096
624193002936733696
624222278813941760
624479253724307456
624514222244950016
624514456849149952
624520557325905920
624556236940427264
624557416793960448
624576285411401728
625570113127882752
625570846606819328
625594197182169088
625609648813555712
625648237706379264
625675799732056064
625934564897234944
625945574051848192
625962550551818240
625973558473322496
626001605993889792
626020504672014336
626021655593230336
626045981075894272
626296410523234304
626297275271266304
626306503516008448
626316056194367488
626324222571356160
626366685440774144
626366943981928448
626381377445994496
626387379767635968
626404747721994240
626411358234517504
626415527917973504
626666714319745024
626689556453191680
626718241604378624
626729713260560384
627019945604444160
627029789006798848
627077452272128000
627094657068044288
627100805741572096
627122694979457024
627474084742496256
628105783469821952
628106591494098944
628106907312607232
628107170412937216
628107588991852544
628111966138204160
628113322567704576
628113527073599488
628125511584251904
628141060783501312
628172485062737920
628174436059992064
628207792617312256
628222280645087232
628317599315718144
628470654287900672
628470726060847104
628470763444695040
628477464784863232
628481712461361152
628484039608020992
628492059712880640
628495813136785408
628506238016430080
628547674590060544
628830970263785472
628852552474472448
628854143457869824
628895771111387136
628926557147545600
628926992847630336
628939814436503552
628948077978759168
628948324909977600
629192234940940288
629194214232969216
629194305232617472
629218991513464832
629228386569846784
629245401334419456
629260663706267648
629261170625671168
629266302557900800
629268180112945152
629268204007747584
629289510560530432
629301389701853184
629559234250809344
629559690435907584
629564011634364416
629566583015362560
629599261559259136
629628854471118848
629645677702836224
629659261837180928
629697051647954944
630306043302580224
630647028717105152
630653362397167616
630653768074424320
630653902334087168
630661060341682176
630661572025839616
630668577713094656
630670099557535744
630670330722430976
630670735443402752
630671349837635584
630673103375437824
630689941652140032
630690069423222784
630690066650791936
630691270386708480
630695077950672896
630699715638767616
630718265032114176
630725446506782720
630728194996477952
630731720304762880
630731988903809024
630732367414562816
630742696878063616
630757733147508736
630772219623395328
630772296123351040
630987129775108096
631004848910127104
631017926078918656
631018060997099520
631018870741049344
631019096264601600
631023665556103168
631024876694937600
631030905151340544
631031490822991872
631033544647819264
631033766136385536
631033875146375168
631035220347760640
631043887788871680
631046368438689792
631046406908833792
631052024021450752
631057166825353216
631113224650407936
631113434143264768
631119835381035008
631131992453738496
631149507175129088
631379524152918016
631379850549428224
631381252029972480
631382902081720320
631383103483826176
631397614374780928
631400665013702656
631416441573666816
631464502979129344
631486257143652352
631747017128169472
631767717528371200
631784582677942272
631784753298063360
631784768250712064
631799730125848576
631802449830014976
631803300611031040
631809694814699520
631818010756431872
631882119929851904
632114964271001600
632135706798780416
632841484434190336
633194147885776896
633194211379126272
633194483585273856
633194838834442240
633236351140384768
633236391527378944
633260008080191488
633344419492700160
633545948774420480
633547154536177664
633562664350957568
633569080096747520
633573040702492672
633573121216368640
633575590633807872
633575966451834880
633594322588450816
633601912902918144
633619957981552640
633620688377659392
633623281157959680
633632827783970816
633642441845944320
633643379650334720
633911426629914624
633911474067517440
633911944542560256
633983898754621440
633985677370236928
633995762561630208
633996276091224064
634271083252854784
634289799017267200
634326360417284096
634337851417628672
634342915163189248
634352698058506240
634398141471703040
634634163635789824
634650349463322624
634672647297744896
634698328949833728
634700910552305664
634710565156466688
635014066696642560
635719426881536000
635726480169955328
635730352812724224
635730666970324992
635744030794612736
635758895340851200
635782114030567424
635809891878223872
635893474055876608
636083108530491392
636101350745600000
636103467522764800
636103994746798080
636108162412756992
636116328999440384
636116640535564288
636122547789148160
636123539171602432
636139064228466688
636157338756456448
636171777199226880
636443528026042368
636452347703640064
636475255708631040
636514420483600384
636516166094192640
636519117407809536
636809080829517824
636823119936794624
636876141765263360
636878358463119360
636889514577915904
636907397483790336
636907463158157312
636907515645698048
636907622042574848
636912979162857472
636928080754417664
637169288814665728
637169488539090944
637169804651139072
637185275286978560
637207432981254144
637208926434512896
637235237022527488
637237967371796480
637247299584925696
637251935150731264
637261834089832448
637271538467782656
638253506407886848
638253794795630592
638259271789101056
638259334707871744
638279620178116608
638281350622150656
638283238109282304
638283363661533184
638290147340066816
638304950263640064
638319945353445376
638339309624537088
638343000121298944
638343930053066752
638345343827054592
638346499521413120
638366040368529408
638623217809248256
638626203444903936
638626743025303552
638626903390351360
638637805216919552
638638297175068672
638638915767943168
638655110294437888
638655453791133696
638674759203557376
638683735232221184
638684994869833728
638716455228448768
638726112563064832
638726183253880832
639002702681407488
639011532110725120
639077727526592512
639106240891781120
639369825656131584
639369891485753344
639395060040232960
639411298199977984
639449403485499392
639449447970291712
639457212818137088
639458768317739008
639459065794555904
639461012085821440
639709138000461824
639712142879498240
639716715434278912
639729293283708928
639744446117113856
639761956166070272
640787996921458688
640815056792481792
640826963213615104
640843038458294272
640847200403259392
640848973369114624
640851174363660288
640861078046547968
640876036184481792
640901594939289600
640918516837838848
641155102158536704
641155289782308864
641157101570551808
641158900398559232
641173041813307392
641175053875462144
641197678018342912
641245214062080000
641247468420775936
641256945891082240
641552002137387008
641579999737327616
641615702147891200
641647296954933248
641647350973366272
641879211515465728
641880176280911872
641880673981214720
641882386729467904
641898245174788096
641900659483246592
641921701790531584
641930764012126208
641948007135514624
642242071231864832
642242166572584960
642242485004181504
642269154511310848
642323771538411520
642326705089196032
642443803345993728
642988095424565248
642988438548021248
642988602314649600
643090327113461760
643094030759366656
643346833578827776
643348973936205824
643418497742188544
643711449609728000
643749896454041600
643757952910888960
644054406850347008
644056766683197440
644064043033083904
644064152009482240
644064178005741568
644078717875175424
644090775417016320
644094249483563008
644094428085399552
644102210805219328
644127335319363584
644181246277472256
644200096683397120
644414742979837952
644435167570956288
644438812920254464
644448513535934464
644450995645362176
644451036791447552
644453094340870144
644457550600085504
644480956649201664
644481175172595712
644481273780662272
644493684516462592
644504814785822720
644504957442461696
644632115578073088
644778738689941504
644789190597681152
644804554622676992
644805970384809984
644823102208221184
644823908730949632
644825926757392384
644879164072427520
645276246096650240
645609729822208000
645895478731743232
645934466179952640
645936028763705344
645956489606234112
645958508320530432
645979131168092160
646228382229889024
646230740011773952
646230802737561600
646253263013158912
646286380394545152
646287944408428544
646299776238157824
646320728644657152
646590196906110976
646590286290882560
646590376673955840
646609855093043200
646634696336654336
646654325100539904
646659172621266944
646666474803871744
646693403753873408
646697661526052864
646701403071750144
646801639521652736
646951927025168384
646953527714127872
646954110663663616
646954819039666176
646975766471778304
646988205506580480
647019666452320256
647020112449507328
647048206929526784
647312143403098112
647342862703661056
647351622943834112
647373827081641984
647396395918454784
647398360488480768
647410347943555072
647712496208465920
647714042975514624
648164033355497472
648241871421079552
648425163902554112
648427736655073280
648429010326802432
648434521424195584
648435566464368640
648492317607899136
648496078485069824
648497087697551360
648502071025627136
648502122846265344
648516562941513728
648759846368579584
648772975014055936
648782618180325376
648787947949555712
648787997018730496
648795431615504384
648795609386872832
648795651392839680
648798600596692992
648807021513416704
648814062265073664
649120171576164352
649121291505696768
649121358673235968
649124532859609088
649124661347885056
649182066995761152
649182493330026496
649199286400483328
649240687431548928
649246114445721600
649253060125040640
649504299731525632
649523592066154496
649535921340219392
649536008837537792
649536569179770880
649552177686552576
649554432661655552
649580293695930368
649580300310286336
649594119992569856
649594726971232256
649638027145441280
649848823196442624
649855747484975104
649855819685724160
649855996865703936
649856036778717184
649856046249431040
649856113958100992
649856511490019328
649856758534565888
649856902415917056
649857033513119744
649858222883520512
649858260909080576
649858269826125824
649858288570494976
649859835345940480
649859932070780928
649860776929456128
649862962442825728
649863043346776064
649863049894100992
649863093481275392
649863125588647936
649863443638546432
649863469085364224
649863492065996800
649863600341954560
649863757884211200
649863848627937280
649863904701599744
649865320652517376
649866295052234752
649867317187354624
649867586121797632
649867907531448320
649868120300101632
649868504578007040
649868514631806976
649870454048600064
649877675629281280
649877748337496064
649877764707893248
649877777085276160
649879763956428800
649880567757045760
649880601089187840
649881127348510720
649881229173633024
649882686337761280
649882992681332736
649883557540798464
649883647898685440
649884403288657920
649885738356637696
649887238772363264
649887380774748160
649888010792763392
649900216586502144
649920443118407680
649921016727236608
649921037568712704
649921788881862656
649922034827399168
649923490267693056
649923514288459776
649925397015064576
649926865587707904
649935264186564608
649935371992702976
649939126872096768
649941214419124224
649941276691951616
649944015048167424
649944059663020032
649956882870849536
649958163857412096
649960962661990400
649961099438235648
649961912856412160
649963530607816704
649963576107626496
649963587134431232
649963644176977920
649964263944122368
649964270193647616
649964603791802368
649965298880225280
649966032313032704
649966102785753088
649966152400117760
649966308516343808
649967087528636416
649967439539736576
649968365512077312
649968478489870336
649968699500273664
649969258575826944
649969816460201984
649970807796539392
649979739998961664
649979866264281088
650000058516156416
650232116693889024
650233202750136320
650239965742370816
650942162939609088
650958702132891648
650974371239067648
651025424965861376
651328156763312128
651343434427572224
651366262010941440
651367075320066048
651367311438409728
651694578735677440
651696552751312896
651761741152526336
652037853870968832
652046297176735744
652094867728760832
652123457723961344
652134699133833216
652134878599733248
652387726260633600
652413827498254336
652444887451889664
652446640746459136
652479368015560704
652508427026100224
652766964012740608
653480038466232320
653495831207645184
653541417499951104
653546671943495680
653858233447157760
653896104627601408
653942022416437248
654041139268317184
654222748072439808
654268352735674368
654271050734243840
654281512846659584
654388567876214784
654567112644628480
654567147885211648
654583012198248448
654626772814856192
654627514904612864
654635352796192768
654916374624649216
654916421328183296
654950091288104960
654969745997959168
654986844304744448
654989687044612096
654990295868809216
655014272750235648
656035423874076672
656077501769347072
656095499095814144
656095628842373120
656374951197437952
656432178209886208
656435331118579712
656737320905908224
656806843621199872
656810554175176704
656810657061470208
656818025430188032
656831565834682368
657102237404151808
657115973716168704
657120066224463872
657136996146663424
657137008352108544
657168285465624576
657194243656699904
657203780619010048
657448408744132608
657466241603510272
657466633066258432
657467781185716224
657499033250963456
657520530963234816
657525836141211648
657526275507159040
657584299198259200
657600427370881024
658564891456970752
658564906053193728
658585580800995328
658625226574532608
658656101089550336
658933413018234880
658938380269527040
658953863211450368
658972441990045696
658980893848129536
659040089083912192
659313742958694400
659323932386947072
659324105196486656
659324820937641984
659329358079893504
659350520298131456
659367755624402944
659406239605104640
659413676471025664
659661811474677760
659661963895676928
659671729325916160
659721373628043264
659731244599648256
659732161906520064
660013400962019328
660031279522533376
660035047538466816
660040294348562432
660057255933517824
660057487656280064
660063475578871808
661098699834175488
661130232037040128
661155725620695040
661160846538743808
661162725658238976
661162873926918144
661471124040097792
661471600429178880
661472809378557952
661499871560654848
661509221062701056
661828696840536064
661849141740486656
661849504765865984
661890689848987648
661890719884443648
661914590234607616
662240032661618688
662243295461023744
662253040649371648
662304311628726272
662564978398990336
662613826576216064
662634859224018944
662921405063962624
662924772129533952
662946700617768960
662948622808518656
663633087876739072
663633100707135488
663633116444164096
663633180210106368
663633189794107392
663633216708993024
663633669450526720
663745831791689728
664036421687209984
664789777275682816
664795947323564032
664836201216671744
664836349200089088
665110708653268992
665130358774571008
665136334902829056
665174124667473920
665239452990750720
665574676190597120
665574762584895488
666231633599705088
666252912570540032
666306853496836096
666557566340767744
666569113523920896
666576502516023296
666635166178279424
666893203161878528
666896499104718848
666906536208424960
666915186398375936
666927935799037952
666930475601129472
666931126875914240
666933151059607552
666934654482702336
666936220317032448
666937547860353024
667020484018626560
667149470421880832
667152055279214592
667272280754515968
667316860774281216
667326496139186176
667660712798457856
667667859552772096
667673303289606144
667713452463562752
667713484138901504
667720756697178112
668077986135019520
668078056632905728
668715737515732992
668794673914380288
668836980659249152
669079380715511808
669087885690347520
669108881361121280
669111154820694016
669113164395618304
669117970333966336
669289454238957568
669501020058353664
669502189640007680
669503347653767168
669503530621865984
669503633453658112
669507399846371328
669510464133459968
669514092185575424
669530763818344448
669540026779209728
669548554621448192
669571324768047104
669810066011398144
669850343119851520
669859796804313088
669859813925498880
669859836285362176
669859849837125632
669859877574090752
669859890211528704
669859913875763200
669874535294877696
670199480344539136
670217102213672960
670228478982275072
670277009185054720
670277107818319872
670808586772180992
671239806270218240
671257959339597824
671267387543564288
671272609598873600
671314144075845632
671610723592765440
671610829134016512
671611090665607168
671666910908571648
671673633002115072
671673688677359616
671675206235258880
671739025888296960
671977214171348992
671993132058288128
671997353151344640
671998036713857024
672007316598890496
672092272876527616
672140645008560128
672341415553298432
672341551239049216
672341848275484672
672403674161766400
672409814350229504
672418868363665408
672418874302857216
672419523786629120
672439553626644480
672697300523839488
672699604476026880
672700257231351808
672700724569104384
672736404850540544
672738461980483584
672761645316329472
672765387516354560
672768980503961600
672769179766939648
672771295340339200
673548026611425280
673789903344427008
673792167735881728
673814968563712000
673820963184726016
673821133540597760
673823390558527488
673830622033534976
673834369040166912
673852908342001664
673890711700422656
674167516286083072
674178685151420416
674184342428631040
674184399160803328
674192374566924288
674212431464411136
674225879246065664
674225989812142080
674511558265974784
674535257207652352
674536172207644672
674538231237623808
674538368039051264
674630149699182592
674879424429428736
674879637558861824
674893053845479424
674943990660231168
674944247443812352
675241741079977984
675241981111640064
675267975218405376
675284636772134912
675318213803155456
676422476344246272
676422637724303360
676448162643619840
676672990856265728
676692296616779776
676708583300550656
676733933682323456
676760480833273856
676787955026014208
676796269759696896
676796362336415744
677111406911725568
677113771941343232
677127253130616832
677169454741135360
677170101267914752
677429558254026752
677457945983123456
677473427075129344
677474584824700928
677778678860914688
677786064661164032
677794453126385664
677826711065657344
677921749896327168
678868567207444480
678892789023789056
678924154364674048
679222999145447424
679250674954170368
679282670443077632
679582178209038336
679608076664762368
679658647715209216
679679394810585088
679960853219770368
680375192472846336
680380849456549888
681083612326805504
681088628383166464
681105131052621824
681758852115742720
681758912689864704
681820705814626304
681858183502147584
682546760128937984
682548018336301056
682865111380316160
682908716119781376
683941132317913088
683951995049361408
684008644577476608
684008774965837824
684020802820390912
684020870990446592
684050215461064704
684294640602877952
684316421229121536
684327843799691264
684357590214684672
684358766695964672
684658481916428288
684677044307755008
684773308919889920
684774885470650368
685016810236809216
685017290606297088
685033911173394432
685083603730968576
685084738600607744
685099177630642176
685142357117931520
685391269699403776
685391437681266688
685393026580111360
685406385257984000
685408360359919616
685408900460462080
685420059045543936
685440034124750848
685445144699617280
685456110644494336
685457819089395712
685466736091594752
685666819525349376
686468995122356224
686469364552437760
686471042844487680
686531167219224576
686833639225749504
686835053066874880
686856651018604544
686883224476241920
686921386619699200
686924598672228352
687194014798450688
687219055682437120
687220759656292352
687226905569931264
687253017616347136
687256557034319872
687258321540136960
687572112568152064
687586217550983168
687620270710902784
687621444348456960
687624484497534976
687627778620010496
687635200206069760
687672256433119232
687672616396681216
687672752824778752
687672987252842496
687673088901799936
687675868362178560
687968779830181888
687978451924598784
687979114020630528
689024082797551616
689028714156277760
689080366385238016
689096345068695552
689391424186376192
689430586448936960
689460786079510528
689557893205590016
689559682252443648
689560369766010880
689561237022195712
689564212713148416
689576887169982464
689735078159720448
689788603023646720
689802721277382656
690089167074783232
690116651539247104
690158176776290304
690159430852161536
690173500817022976
690461844939620352
690462036564799488
690476021636665344
690501494022471680
691543746735935488
691561694699458560
691612432553381888
691613566332444672
691625350640574464
691925801986584576
691927647551635456
691950422412632064
692277659099881472
692277708924002304
692288193509462016
692364968776302592
692398909163962368
692471519549747200
692679752545607680
692694891659292672
692696893478940672
692716019941576704
692723647425966080
692745914264506368
692749261386203136
692850054432817152
693004271193817088
693037138288496640
693038258868076544
693089730544713728
693191665822081024
693191683660464128
693194598575951872
693744177688002560
694079854824820736
694102320251047936
694103265949130752
694103868070825984
694113987437412352
694155381883441152
694199300411256832
694446472167870464
694446782022041600
694447309103439872
694450542504968192
694486634541268992
694507860953321472
694533884428619776
694543016992903168
694555593277882368
694802810496491520
694806263025238016
694809439774339072
694824159054995456
694827645956145152
694829638904909824
694839995069304832
694880779705413632
694883763894009856
694908377432981504
695166702527578112
695167347762544640
695193599101652992
695193599063887872
695219257420996608
695238176538038272
695529288263692288
695565411451011072
695574385340583936
695575297740140544
695590111677956096
695594179569852416
695602810184933376
695612760655327232
696646413166317568
696684699289284608
697012458549022720
697037224202911744
697044724801265664
697044864630923264
697065696795193344
697065752193531904
697191803406192640
697398711715033088
697401855626891264
697419061014216704
697419122653732864
697419479777722368
697425325584736256
697701227023441920
697702986177499136
697714708078534656
697714782879793152
697729256974110720
697772694205501440
697773084741337088
697774634184343552
697777187034939392
697816694451003392
697823357262286848
697830978060951552
698074272607117312
698074362642100224
698074472205721600
698074782244458496
698074843900747776
698094950806851584
698129707783467008
698135188258299904
698151781558312960
698152303992373248
698152532590329856
698245613545242624
698447286746021888
699169971872645120
699170187120087040
699180257396527104
699255963711356928
699276842205896704
699276965921079296
699276995717369856
699516123805544448
699516308615012352
699540676883648512
699540877186883584
699562285287604224
699581974831362048
699582497642913792
699601482270769152
699602481286930432
699617228912721920
699637269922238464
699873007666380800
699881098508181504
699903388637499392
699978967323951104
700250997097107456
700260871818383360
700270305277820928
700304777943470080
700306552452812800
700362083335069696
700603024880877568
700635188577996800
700647810010513408
700665600041811968
700670351072583680
700689601858371584
701183394672222208
701689173921689600
701689222755909632
701690487523164160
701691014457720832
701719381923995648
701781083302526976
702051242768527360
702075214964903936
702107289981952000
702122297625280512
702134287567613952
702422698073399296
702446656126656512
702448075474911232
702489944007294976
702491279175884800
702510576853979136
702515961614700544
702532141133996032
702782379765710848
702804752388792320
702825892465147904
702841381870510080
702842506640232448
702848671512195072
702848818119909376
702877536792002560
703144469940449280
703144791983284224
703145477051539456
703162736310521856
703163053945171968
703163293704138752
703181649836531712
703197970003595264
703201399773855744
703212931840761856
703213228692783104
703213406799732736
703213803920609280
703213987442368512
703214168028160000
703214303978119168
703215039638016000
703233734783463424
703240767062589440
703246479322968064
703258531181502464
703265940935417856
704225078112866304
704225114863312896
704225842327625728
704226614259879936
704260605834883072
704292050800414720
704295844070170624
704296130931253248
704305246961573888
704324868750352384
704596304094220288
704596407173382144
704610035742044160
704620044932800512
704620646748319744
704650486515933184
704653650313007104
704653820010307584
704654577329696768
704654884923162624
704681053944995840
704701442758725632
704703522139447296
704703801496887296
704981339439767552
704982883816046592
704985351077687296
705013469796552704
705013707986898944
705037078174834688
705057696676970496
705057815191265280
705057869415120896
705057901283516416
705320339992154112
705325412537262080
705328300948852736
705343978867044352
705378218308554752
705379464226541568
705418654112997376
705418695846322176
705704346122518528
705724979959074816
705769072898793472
706513050900303872
706773579694809088
706775059675930624
706794545808220160
706838560398303232
706841247760179200
706848648425041920
706858890630184960
706862703281905664
707129667296337920
707158426325921792
707184589782040576
707189342918348800
707202442975428608
707207247693217792
707222354104033280
707487636529676288
707487685544439808
707492234376192000
707501726014840832
707528060078268416
707563828066828288
707574158629191680
707574453992038400
707588335208931328
707627856784830464
707861273812344832
707878413655261184
707884443181182976
707913464480710656
707916293706534912
707917543760109568
707936564207288320
707968441416814592
708208542122184704
708224989565231104
708234435536265216
708272848528396288
708282321435238400
708283018914439168
708300221625663488
708318238573199360
708582057962708992
709297869715591168
709297927072718848
709297957468770304
709298003044130816
709298500975067136
709299125133701120
709308597210124288
709328923881050112
709371195813191680
709385232743571456
709385438142840832
709413501752778752
709664644093362176
709665142431195136
709693629590208512
709703179663970304
709728883587743744
709729577740988416
709745060477345792
709746992373600256
709775967099691008
710031701590843392
710059759823626240
710095235813081088
710129170387435520
710392328112967680
710395873344233472
710422380850581504
710422948562276352
710452575225692160
710453900067913728
710475126677098496
710479362919931904
710756841668612096
710775177932619776
710801842746335232
710810306365296640
710810376305315840
710822806041305088
710861745846353920
710861807188099072
711139161432915968
711505832895119360
711834861791748096
711835107972276224
711867474304589824
711903712076115968
711909317541302272
712237403075907584
712305731735785472
712305786341494784
712305818348208128
712561496706977792
712561519498805248
712592234508464128
712613582068977664
712626534658490368
712988360860508160
712990112833871872
713039767269740544
713119058909003776
713288932755173376
713319039108382720
713394319298797568
714028192479072256
714391102103511040
714405588550164480
714765132191109120
714765329776422912
714778344789815296
714796562237493248
715103802362355712
715187116259614720
715445555514765312
715467688038936576
715485686778830848
715485763073277952
715485783361081344
715504952936898560
715509728013451264
715510989018374144
715531388267663360
715821533541834752
715839394100285440
715852800354344960
715879438320279552
715879479122464768
716893100120154112
716927520302579712
716940142158675968
716959246110367744
716984507585454080
717022354212319232
717256377912176640
717282959934533632
717283046546870272
717287662537801728
717314946485329920
717319527642578944
717355813698985984
717355998068023296
717356104120942592
717373002095140864
717619415639060480
717620904247894016
717621052587839488
717648411600756736
717649241221505024
717649753115328512
717683131277451264
717704936289607680
717705044129366016
717709856312938496
717715269834006528
717738952078311424
717978512007806976
717978738915467264
717982287749578752
717985013241942016
718008107801190400
718018458307403776
718027774888435712
718046426480132096
718047532258082816
718081230403715072
718098416946061312
718331385505820672
718346547927367680
718373131388329984
718405248465903616
718432553531797504
719459137873190912
719462524194717696
719508883014828032
719509191543664640
719509714518831104
719510893835456512
719826674309664768
719874198198493184
719954027438555136
720157018812772352
720189300512428032
720216982595833856
720230341454217216
720237155877068800
720241886150008832
720528707564253184
720530705650950144
720551704047910912
720580425417105408
720585109167075328
720586416082849792
720586600531521536
720593464342224896
720890678859857920
720937727970050048
720970917430620160
720970975991488512
720971023189942272
721272951409016832
721292582068703232
721323268020445184
721323492189282304
721360828000108544
721360923076771840
721361023974948864
722001485362372608
722027675011796992
722056094076370944
722360481906847744
722415256933384192
722415491483086848
722415640158543872
722415731275657216
722415843989188608
722728730054017024
722732227398930432
722750767224868864
722750911727046656
722766935587467264
722783318874284032
722813122080145408
722818452122013696
723073464085549056
723078268736278528
723083185853091840
723089736835825664
723115505230336000
723119638314258432
723120751436406784
723143613601878016
723144301639663616
723440883979284480
723444658085318656
723448772399751168
723471673580613632
723473583587102720
723808654881746944
724537462660435968
724583740337446912
724866904922443776
724899081890357248
724915195710214144
724925766509715456
724950299224498176
724971288859709440
725247806064173056
725255855088750592
725293810398416896
725310549442072576
725315378323312640
725316713026301952
725334829810769920
725575285018488832
725584500269395968
725585506604560384
725657326120652800
725658581354188800
725726662252453888
725726702941392896
725726758083919872
725726867156770816
725790264233758720
725823947766386688
725987754019033088
725990841047764992
725993895146999808
726054869510029312
726329533796851712
726329579640623104
726329855281909760
726337049045803008
727046319592841216
727068889016754176
727069259617193984
727071851579596800
727072191054012416
727072327003955200
727076666208620544
727084594093248512
727087829491322880
727103740843556864
727129289699684352
727146665958903808
727431556969697280
727433702721073152
727465749321674752
727510618488619008
727512205571297280
727513724400099328
727513794457522176
727514162377723904
727767078829199360
727799197018292224
727800260882501632
727835444348653568
727845747555622912
727869708528168960
727869911662514176
727877655480127488
728159323164057600
728517032476590080
728544848723107840
728576689928851456
729577606882967552
729578409261711360
729643906242117632
729643955760078848
729644006574034944
729649099075653632
729657877703630848
729664875241328640
729936653331107840
729965567164166144
729965772022370304
730006713814896640
730042520512663552
730060314822234112
730314567788724224
730332894904918016
730406684456300544
730408464950960128
730666913479729152
730666981079273472
730667008346476544
730704969045774336
730705664775979008
730730513510453248
730731770283352064
730733044198481920
730743411289034752
730748213557366784
730787182747758592
731029076861931520
731029462767271936
731029826497286144
731054675068391424
731056206631047168
731062255673085952
731091548063059968
731099354119933952
731129705026473984
731162003981647872
731549655775895552
732478096616480768
732478172348846080
732511255345418240
732536249580392448
732536570566352896
732536605290926080
732536834375471104
732536924544589824
732536993889030144
732537039967690752
732577828697440256
732866685112311808
732917444382236672
732920627275894784
733194240021303296
733201637003689984
733208807820660736
733219676763869184
733231981480185856
733236901554061312
733237058899214336
733237628225478656
733238314359259136
733238369828896768
733238401361686528
733239050635739136
733250173023981568
733262566751895552
733266998956711936
733268745754267648
733294535774744576
733304164168704000
733305500608147456
733565072174288896
733568883160842240
733592724306198528
733601323367600128
734655756159574016
734679027533762560
734707878142091264
734765185861324800
735035596918362112
735035744348217344
735038184069959680
735079088449277952
735080615691886592
735110948558635008
735121537263603712
735150865670082560
735381678391189504
735393747199000576
735409547511226368
735419706811817984
735422101612552192
735422189177036800
735422296005971968
735465203106754560
735465596578615296
735779273311543296
735780348114538496
735847998891171840
736134479765458944
736136126461837312
736174846103703552
736176251413659648
736176875421192192
736811767943311360
737181339754102784
737220029301678080
737229109655404544
737256220722094080
737283779530743808
737554989380313088
737555064571600896
737564179574333440
737564221718695936
737570399098019840
737583727555969024
737590797546061824
737590823785619456
737634008595501056
737635988948832256
737641717273399296
737649426576093184
737916756665225216
737947810239262720
737983798634254336
737995529242742784
738000317036564480
738016681755332608
738298641526362112
738298685835124736
738299153487433728
738318521453686784
738340499237523456
738341803221471232
738353237816946688
738361359721717760
738647982963367936
738648104803696640
738648740786016256
738649676770054144
738649904344629248
738652254144724992
738702556415811584
738702714423631872
738704758593228800
738741739196940288
738744641151995904
739713292822847488
739787043891478528
739849750334308352
740095567758557184
740116447515533312
740119362590236672
740155617264861184
740523298539360256
740523625154027520
740530999759626240
740531999602020352
740814763215757312
740814800746389504
740845657468993536
740878421086081024
740879275058991104
740885056001085440
740885071775797248
740897482880733184
740897505920045056
741162165479067648
741171267093573632
741181479238111232
741184649657978880
741205791940567040
741237832275099648
741237904681373696
741259880732889088
741269469524283392
741273972247924736
741303471559835648
742280786448121856
742281762479443968
742624926981558272
742625234709270528
742657595110887424
743089099347746816
743089160731381760
743413829766262784
743415604099461120
743555178603896832
743742010482253824
743776042863706112
744820430905585664
744820705959641088
744821002194952192
744821363009982464
744822035440820224
744822308431237120
744825133550886912
744830738235785216
744834618210287616
744838153996013568
744839524493078528
744840988909264896
744850834320691200
744856480495599616
744865342317539328
744869715865116672
744871682171613184
744872157029728256
744876040384815104
744876846085439488
744877418041778176
744877488350834688
744877618122600448
744878031668453376
744879679505575936
744879691425845248
744880483004121088
744904277139791872
744907175970086912
744907510080020480
744907535472263168
744907787252137984
744909053713854464
744928424695824384
745164851450773504
745187698416070656
745191053934878720
745191728127348736
745227150035390464
745265162790273024
745285908950319104
745555922936692736
745569104396951552
745572008528863232
745580812905635840
745580841510834176
745585192056782848
745587652779479040
745601335320526848
745603725830524928
745603965803499520
745617978683711488
745624987277602816
745637339783913472
745643316440666112
745932107734724608
745948419286503424
745948435489128448
745948454338297856
745948494486175744
745949426057940992
745949545796886528
745950823386058752
745959078359347200
745959139336126464
745978646549127168
746251360572678144
746251421591441408
746253791071174656
746253835908321280
746283385555918848
746641610247544832
747045010361573376
747340104742494208
747340143489519616
747340456359452672
747352744453767168
747352982044348416
747369564275613696
747421801551134720
747427238870659072
747427302376640512
747427472849911808
747445161236566016
747452720915832832
747706515407126528
747725325984010240
747725470683267072
747758884614438912
747779683853438976
747779747241926656
748063719465312256
748063972327297024
748064102728278016
748082196603412480
748082232867315712
748082300919877632
748082404540190720
748082777103400960
748086502874357760
748086836875104256
748089593526886400
748089829326467072
748091600077754368
748091667274555392
748091852637745152
748095035359506432
748096114159673344
748097672641404928
748098586525720576
748098660005711872
748098838821539840
748099337197129728
748140201545969664
748140331095425024
748152516622299136
748153166705922048
748164345725607936
748424808854093824
748436248499523584
748448049182048256
748462124704366592
748482094398083072
748484674205409280
748487265043681280
748489012524908544
748507694701621248
748507729417936896
748507782916214784
748791775662215168
748791846260740096
748791928599113728
748791957929861120
748791971741704192
748808626920263680
748810509437194240
748812196176535552
748861105942978560
748873079758155776
749871471053434880
749907226895257600
749938262727397376
749938416150806528
749939616464142336
749954081964302336
750267481827061760
750301179826036736
750375447276425216
750588853136662528
750601179726483456
750602985445744640
750609029303570432
750609258924965888
750611119883051008
750611203072856064
750611521588297728
750612967205535744
750629146921959424
750639821815746560
750655970548781056
750658034347700224
750667685483118592
750676053924913152
750676078952407040
750676121390383104
750676175329042432
750687262392942592
750698048179806208
750701035413463040
750958480442417152
750959848754479104
750998503086784512
751016891393662976
751023735516332032
751025406581628928
751377522655371264
751389311430496256
751424094940307456
751686994049241088
751750763911614464
752404655431385088
752405052157992960
752409627132911616
752446007892402176
752500127328309248
752773518681579520
752773608863334400
752780656577548288
752804469646061568
752845741916291072
752845980148654080
753149977497575424
753165457096605696
753172768611569664
753172821979848704
753173057523646464
753173397924900864
753193033797992448
753222003318988800
753529244022558720
753562697225138176
753563902831685632
753857582654230528
753904701112930304
754355887280652288
754922141049581568
754972797806514176
754972846934388736
754972938852528128
754973117148176384
754973215332655104
754976893573664768
755003627832483840
755025860264984576
755031093183668224
755048229654425600
755048282615869440
755303685161357312
755303732498337792
755303875566067712
755303962367131648
755338055377190912
755339470975725568
755346968218628096
755376734967562240
755400096666247168
755400160939765760
755677039974293504
755677131972173824
755705658855550976
755725558491807744
755730696640036864
755766621273292800
756055476979298304
756065631070552064
756097439870746624
756098931231105024
756428102490730496
756475929233195008
757485602564632576
757487137222758400
757487214158807040
757516238159540224
757533891171278848
757550491836510208
757550565819908096
757556541419651072
757585565374111744
757585658215030784
757588047378735104
757877658176794624
757911099282894848
758257623103930368
758258231433191424
758258992661553152
758275192539848704
758602406628163584
758611996090724352
758612159412797440
758612577563934720
758613485894955008
758634132725346304
758635378391658496
758637906252619776
758965057828950016
759001054855860224
759689573005860864
760012559596609536
760013683326156800
760014187393388544
760014376204136448
760015327220621312
760015915006255104
760017490445565952
760017541364408320
760018567622496256
760061609398169600
760095809371271168
760105852741251072
760105919502057472
760116452217282560
760131018179444736
760131288267362304
760135875699376128
760376605189472256
760380259187515392
760405559514394624
760416740748787712
760445199084556288
760445704003260416
760493697972797440
760496129452695552
760776739207249920
760787628149137408
760787785804644352
760788230765764608
761146193950961664
761146269733715968
761174496325824512
761183818699137024
761184660034510848
761498181808955392
761500092578824192
761518898885697536
761524159893475328
761538594846699520
761543775491678208
761544634778718208
761546463994413056
762564132981841920
762570271136022528
762570839913005056
762570915943186432
762581556670128128
762581655605407744
762582191792594944
762588370556030976
762592338342469632
762598630645694464
762598705463693312
762632590406914048
762657760928497664
762934715531812864
762952074225156096
762982224392224768
762989459474354176
763022631947960320
763026517114970112
763308863579889664
763310501161992192
763412145618821120
763451794244722688
763671411986694144
763673826827784192
763677371497058304
763677484328095744
763677573738008576
763678089834590208
763707558422978560
763708822259011584
763719683459678208
764072970243362816
764104033338548224
764104174325862400
765131941058269184
765133729270525952
765460077809639424
765460114157477888
765464662221750272
765496860232396800
765849550795993088
765851905104945152
765860033934614528
765915036246245376
765915099378900992
765915234771034112
765915603362349056
766198391130947584
766198501168545792
766198753615286272
766199119266414592
766205094987722752
766208571403034624
766245523116265472
766246784775577600
766265734741782528
766549049382100992
766550228702855168
766575195523981312
766612932767715328
767660966570000384
767691290200997888
767691598750707712
767716364110991360
767716858866827264
767717387797921792
767995553519177728
767996419147980800
767996539654594560
768025072170917888
768025242849648640
768038810659815424
768040078207754240
768041881154486272
768044900646588416
768052332408037376
768058048409640960
768058608638627840
768374811290636288
768375046381461504
768375076144250880
768394515090698240
768430859972124672
768431046622900224
768431963644563456
768433162334724096
768440086212009984
768449005755990016
768455186775937024
768463155538325504
768463763691503616
768463828254326784
768466864896892928
768474241385639936
768725069174607872
768725574932111360
768725963572207616
768754525243138048
768783334948347904
768784549924962304
768785031258963968
768792486978420736
769083869198970880
769087968548184064
769127538383650816
770173653929558016
770173841154998272
770173909241040896
770201045746192384
770201434457505792
770279032285978624
770564352978128896
770597162921197568
770597358782611456
770597560784416768
770633756508057600
770897744361820160
770897905519583232
770926560748724224
770985779459788800
771320460063678464
771320492452184064
771320573632864256
771325477558554624
771329853832458240
771330990249799680
771335988442464256
771352077230600192
771384176809545728
771646202110578688
771646440082771968
771650857079218176
771692871279898624
771713589233147904
771727287691673600
772705937211723776
772706150575923200
772750910988488704
772774603500367872
772779143771594752
772864909487050752
773080371168735232
773080501771001856
773097943335219200
773180329167294464
773180713533341696
773430169201680384
773430257139474432
773430365251833856
773462186068996096
773462871149772800
773482538601963520
773482663772643328
773486016585986048
773495573349404672
773524901718265856
773790567100719104
773790578207256576
773822952009674752
773855155724877824
773856934520844288
773891157944373248
774154037176377344
774154091966570496
774154146505035776
774188359791116288
774189344852770816
774217761987977216
774218776686563328
774240584697540608
774240868492607488
775261707186933760
775269416628002816
775270504391282688
775609147148668928
775614840127811584
775637515416047616
775668697440612352
775680570424721408
775697010406154240
775697345921122304
776037577509986304
776093166390939648
776093184162164736
776178222849372160
776353726755926016
776367560325464064
776390012145430528
776392698639024128
776392713885380608
776392928478556160
776393131709300736
776393300794286080
776394133367824384
776408201948372992
776490240924082176
776723051698352128
776725178210521088
776728466804858880
776775277900918784
776775639403794432
776775820971020288
776775914357133312
776779523283152896
777150639117705216
777249237037883392
777398152936714240
777437188367773696
777442190394007552
777448984021504000
777500376727744512
777527785074126848
777534183417708544
777536992452182016
777553568316399616
777582209347772416
777787421748367360
777793257011089408
777794651931742208
777795201876230144
777797159085277184
777797174721703936
777872859528044544
777874003897815040
778198052368740352
778198117715968000
778551862257590272
778554921507491840
778586109093838848
778605986923720704
778879590534156288
778879624491175936
778927832617455616
778929089235197952
779314147758477312
779990102118313984
780046927018729472
780136717965721600
780136733715402752
780375351822315520
780404061212282880
780716126305001472
780778262209454080
780778290520915968
780783188671098880
780900042689445888
781080279699951616
781394001110925312
781394038503120896
781468181512785920
781469513762107392
781506529505734656
781506539693740032
781751915789058048
781825926103441408
781851613782679552
782206392316854272
782869066201661440
782869220296196096
782923859553054720
782949532095086592
782960056908275712
782962644517027840
782962675315830784
782963562796941312
782963878338633728
782963929924431872
783242013701468160
783255508782317568
783257183198781440
783309043213471744
783309615295528960
783313811801534464
783574824341925888
783574861302140928
783574887461974016
783574939857252352
783575062255431680
783575116319956992
783579795229642752
783580778630418432
783586023154520064
783586646952402944
783586827215175680
783586864242520064
783586920567832576
783587417349558272
783587465449902080
783588597190553600
783619217434222592
783662778011693056
783676115902574592
783966102690856960
783969549573947392
784002061541277696
784003115586576384
784003168560680960
784300034107936768
784300075665068032
784300116811264000
784302709088194560
784304825756286976
784310149007630336
784378052931379200
784391981501939712
784394850661793792
784398063335071744
784402615476117504
784686162770264064
784691880349077504
784708593027284992
784718528763064320
784718694979100672
784718947690147840
784725534311849984
784734312189030400
784737117834448896
784777852772241408
784839769163436032
784839807461629952
784839844564467712
784839869789007872
785436716819705856
785470943011414016
785781740065333248
785806631602835456
785807095929057280
785843196215656448
786154642069528576
786168517460492288
786168557134491648
786175453266534400
786191942484885504
786208056342216704
786473811583447040
786482535765204992
786501317707468800
786537972665548800
786539231128739840
786562284046864384
786562585088761856
786794921839636480
786800399244070912
786834991321874432
786835024180109312
786835130937647104
786835184008171520
786835232049758208
786837479148163072
786864726819147776
786874899717586944
786896898611351552
786900361349070848
786901619157921792
786926940280262656
787009669415837696
787037494583955456
787256540411621376
787257676656967680
787429543544061952
787916795210506240
787935409640579072
787986526521192448
788006652179984384
788010110878674944
788277183269646336
788298643216269312
788298674229182464
788317957927628800
788322514275536896
788324096673185792
788371071200133120
788392698763890688
788657030240272384
788657057234841600
788748548993085440
788769931378778112
789043759917006848
789077722362511360
789078574275919872
789080150436671488
789101549175930880
789101586706337792
789387505673961472
789388019128078336
789405618239000576
789466427845664768
790218501122301952
790488002560598016
790493343788728320
790498447933730816
790518454562525184
790520200563138560
790561235473346560
790856684566609920
790884571499888640
790925634415362048
790932748361953280
790948487785488384
791162695638654976
791164962441797632
791233505862770688
791233791922728960
791233816543260672
791233849279782912
791234286091395072
791287019905449984
791302483633172480
791302557746466816
791304187472666624
791583267577335808
791602131480539136
791602778921656320
791612157075025920
791613290002677760
791650603562926080
791947688459644928
791947732772540416
791957433325281280
791976082362736640
792005737836867584
792381230692048896
793015324023070720
793056176346988544
793411336181051392
793411396692275200
793411486387433472
793746280929456128
793746623834783744
793746962583547904
793748739424911360
793757182533722112
793794036628762624
793795258505125888
793805524668182528
793850864524005376
793855508805484544
793856067889405952
793862495148662784
794136544034619392
794149826443247616
794163293711728640
794164601281773568
794198905403670528
794434878444027904
794435185353834496
794452486140686336
794453058843475968
794454144870453248
794454204614111232
794454378681925632
794454399850528768
794454436802416640
794454460445687808
794455331028008960
794455606308564992
794456785285431296
794456867044999168
794457859589337088
794458968454266880
794460075545006080
794472027516207104
794472534875971584
794472598377795584
794473821797580800
794475068898373632
794477868961202176
794477882907230208
794490182028369920
794490417865752576
794491191895138304
794491610696445952
794491791185690624
794491853940916224
794494865413472256
794494914369388544
794495783114522624
794496929992503296
794497127674060800
794501251702685696
794502401147408384
794503587938308096
794503811113111552
794504284691984384
794504590003761152
794506858857959424
794506867041009664
794507921853923328
794508946853793792
794509313221992448
794509331316297728
794509912613277696
794510145359331328
794510215907602432
794511072078286848
794511104391213056
794513079446962176
794513101441875968
794513126729334784
794516888781025280
794518732068556800
794526355551612928
794528847207301120
794528890198913024
794529174086098944
794529693038944256
794531056569425920
794533714374041600
794534283469787136
794536066858487808
794536651166990336
794538384232423424
794538524783636480
794539283843530752
794539294916546560
794539887814971392
794541349575991296
794542585947758592
794543040102862848
794544478602358784
794548563409829888
794554185387798528
794561282947031040
794566421955092480
794566568390852608
794567861343698944
794571755780186112
794621407074385920
794774688736153600
794774713281159168
794931866243657728
795040575267504128
795241155285975040
795241229864828928
795241333984292864
795551284602556416
795551331322888192
795551886908723200
795551939442409472
795584333176274944
795584549891739648
795586672968790016
795586757244895232
795587490476335104
795589059230003200
795608927526420480
795621450505928704
795630144815857664
795927282753867776
795935251075911680
795938421260873728
795938849914580992
795938932739424256
795944495783313408
795976919854489600
795984081595039744
795988796865204224
796000592657285120
796001056358547456
796003230761287680
796280472347312128
796318045568434176
796322201159012352
796360198432690176
796380178167529472
796388825174069248
796390634227634176
796675141623226368
796697477638455296
796700138269999104
796701315510444032
796707942091358208
796709667900690432
796737092315467776
796772174304575488
796993617755672576
797034393080594432
797034441315119104
798093833099767808
798093850384297984
798093933591064576
798100338800783360
798122751546507264
798167290655211520
798167359290740736
798171060092993536
798171312191668224
798171394039132160
798223381225177088
798460255256645632
798481674451324928
798509873637957632
798509910833201152
798513636742336512
798536725295468544
798536781033443328
798558458295549952
798558688877408256
798845572429975552
798845697692831744
798846698134999040
798890316162039808
799190902942081024
799213597561942016
799214127520550912
799236861575254016
799238213290389504
799563220813901824
799563598280396800
799585984601935872
799598576389279744
799653300496896000
800454592505008128
800657510965329920
800662101840818176
800663143110189056
800677895916044288
800733706621251584
800734759890522112
800745342325100544
800754653281525760
800976298822791168
800980087432613888
801071432306425856
801088514016313344
801105348493017088
801117586322845696
801139323991105536
801374344870064128
801374367477366784
801374389199663104
801398550500352000
801403622085066752
801406672111632384
801415673138343936
801447547592122368
801447567892615168
801447803801206784
801459368814383104
801459472631812096
801719033628336128
801731302001176576
801773773103988736
801774955868332032
801808043742822400
801820090152919040
801824148850900992
801835063390470144
801836669796286464
802083565785772032
802087753634762752
802104577810173952
802108887872733184
802140173878329344
802293746004062208
802294900033286144
802418868635500544
802419838241148928
803152947366469632
803158119677394944
803197327968043008
803215167211401216
803232015675846656
803271652528234496
803271996746235904
803309885374902272
803517051621019648
803521328489857024
803521984927830016
803581803030310912
803646009028972544
803646274343837696
803885960807256064
803949956172234752
803984066680909824
803988908698726400
804265939369857024
804271654956388352
804274145336971264
804279115499106304
804311337207611392
804313101613105152
804341562641707008
804355003662090240
804406881347215360
804630116957638656
804653967854759936
804658726284259328
804674097502294016
804704248047005696
804708280983552000
804988552639434752
805007760744185856
805007871859638272
805008020241522688
805008082849898496
805008237128982528
805046178861547520
805350950869139456
805458815885910016
805476585205886976
805480932505423872
805707377278418944
805709307773915136
805734789114372096
805741365753769984
805742217411358720
805811544177201152
805814832859639808
805862661879726080
805863975393050624
805875576183619584
805892813615468544
806070582764859392
806070595989409792
806071602597269504
806071911306457088
806072729904541696
806073192318111744
806073952506413056
806076257683329024
806076417524068352
806076657517871104
806078041093013504
806078300711960576
806078809300750336
806082749123719168
806087300404936704
806087679465156608
806088562433261568
806089126613237760
806089502150098944
806090485215457280
806090923482501120
806091157419782144
806092399382503424
806092440474177536
806092520124022784
806093622265389056
806104484095131648
806104963034349568
806126022756335616
806126969922392064
806127437016920064
806127904304332800
806128652098347008
806129233311531008
806130475135864832
806130609542365184
806130904389353472
806131108899385344
806132475382681600
806132770414149632
806133037830438912
806133605785305088
806133830860083200
806134399490228224
806134769276878848
806135149213712384
806135206377848832
806135396253962240
806136095763296256
806137025728565248
806137185909014528
806137538620653568
806137624427687936
806137939772276736
806138778393972736
806139472006017024
806140908890718208
806141149362749440
806143129392967680
806145418623143936
806145920404484096
806146555627634688
806146970666598400
806147617059127296
806147915509092352
806152931846328320
806154112249266176
806154398305046528
806155230505267200
806155474043338752
806156302846230528
806157013986279424
806157533589147648
806158546169634816
806158732606443520
806159261130784768
806159732100763648
806160280178790400
806161592807288832
806166901101625344
806166924170264576
806181487842394112
806181587650023424
806182010347732992
806183190167744512
806195354261712896
806232597101682688
806421473288196096
806424201313865728
806433161861283840
806433581702774784
806436721885904896
806437195951251456
806437369188589568
806438823920074752
806442163991150592
806452097835270144
806452655056941056
806457949292036096
806458928011821056
806459724594028544
806465570241712128
806467073165717504
806487631798398976
806495264009764864
806495753933824000
806497374793297920
806504248271929344
806506368228278272
806509989099687936
806823333836816384
807160470511697920
807180283376259072
807235680350990336
807241990530355200
807255801039638528
807515529682399232
807525268894208000
807887654263996416
808230158029225984
808251074960359424
808316100857499648
808398767976304640
808398916156846080
808399202929770496
808446034439442432
808587239043305472
808607768135528448
808609827060596736
808612461037424640
808622737606447104
808674380188446720
808679358273650688
808973626779336704
809002541312835584
809058382091010048
809059418906259456
809327312059699200
809333269024083968
809383866385502208
809385389081448448
809439138931949568
809700364639502336
809717474375647232
809728024660869120
810061985387806720
810099812607598592
810153472456736768
810165501506756608
810424370552131584
810455590778601472
810767204501356544
810786384214654976
810801317744640000
810831903817396224
810872270461829120
810877724743057408
811136892385316864
811142268505694208
811144254571560960
811211517840490496
811509055369936896
811520046489104384
811520076667035648
811582977545306112
811590122789543936
811873658918551552
811921985928183808
811923245591040000
812227997935734784
812234773406121984
812248839214219264
812280027345809408
812589619753664512
812600589196623872
812961095442800640
813360150627184640
813383874847842304
814101101939134464
814387394870988800
814396610234949632
814452428917579776
814484306118774784
814498311075926016
814823238308155392
815497799840231424
815870378316861440
815907916158996480
816270138077020160
816271903551868928
816566681208320000
816613242768343040
816651176489918464
816926201113612288
816997500800421888
817013797877678080
817309272358916096
817369748191252480
818378771749289984
818447121355538432
818456772528799744
818475428860010496
818537676148183040
818746980767854592
818802769641361408
819108077643460608
819174529859665920
819202106586464256
819461619503792128
819468410694365184
819468496774057984
819468548573630464
819469846165549056
819474763978592256
819483638161088512
819483696151613440
819494423008542720
819501630081089536
819506067898044416
819522945592754176
819522960268623872
819532933325328384
819533010936725504
819535074181910528
819537700382539776
819540848333455360
819548265016360960
819560404288491520
819574674602520576
819612022073655296
819824232876089344
819864184871645184
819865910873825280
819869802537844736
819871387921813504
819871433866248192
819878599406841856
819886014030299136
819900963230191616
819933470688505856
819967191101612032
820351447422435328
820913048391217152
820914697046200320
820919950613348352
820979710951833600
820981092148711424
820982998522855424
821002003971272704
821021416808128512
821032972774215680
821255542421200896
821276021680992256
821278439831375872
821296615398998016
821315409223761920
821320492988633088
821340718723723264
821343748982472704
821374265001967616
821376609647292416
821402369581862912
821708696216567808
821767790822617088
821798215632699392
822000500476379136
822002292480217088
822004036408844288
822073091253796864
822074450145374208
822088488275288064
822088642583810048
822098963293700096
822358790444089344
822390052911136768
822391198933348352
822436188250312704
822749582773907456
822757470384902144
823120142695546880
823470299765231616
823526742417620992
823564081630212096
823574923163631616
823815493421297664
823826992927801344
823867185663709184
823883163130888192
823885074139676672
823888513322151936
823909573870415872
823912592691331072
823921595286753280
823963752588525568
823981842986663936
824176192064548864
824177432546725888
824177626914947072
824206577855004672
824237126405517312
824239546191794176
824277976003055616
824286915209924608
824342204651020288
824537226436628480
824538831709954048
824604107323441152
824605924757233664
824606881146605568
824608177039806464
824636141726949376
824915363989172224
824925455346188288
824926277253599232
825329386157125632
825983587329667072
826013237573480448
826059479397593088
826079352756568064
826085108197175296
826237374564855808
826349672855924736
826349844923035648
826354919238164480
826726184792813568
826729225315037184
826817134995058688
826832070001434624
827082458587873280
827084651902750720
827137219831984128
827144051975659520
827153427889344512
827426945847681024
827499777579433984
828523072927981568
828533417230872576
828569763261587456
828907965637869568
828948240372469760
829003331204902912
829262998292283392
829267560935862272
829277132652163072
829285818258817024
829338319213436928
829613102949883904
829649449538437120
829652266416222208
829672821181792256
829688672605917184
829688966530101248
829695534717870080
829705914445869056
830000505996861440
830031896209977344
830040708081913856
830048531276824576
830350667336208384
830760156698918912
830777911749779456
831070411840438272
831115249466093568
831117806213148672
831118083393728512
831118586680840192
831451672278876160
831855837572247552
831880697384226816
832167639967531008
832260290402254848
832310709002313728
833623614536708096
833673741594943488
833690027221721088
833692923908804608
833964023032999936
833995159691997184
834035067949293568
834035447676407808
834042341329604608
834323559002603520
834339317766094848
834400269588951040
834421626074722304
834688630241316864
834691599514869760
834706375418716160
835034644475179008
835062165719625728
835127732153507840
835147582548631552
835148470512144384
836191431060488192
836201082183364608
836233137550159872
836503472795185152
836513619361792000
836560777024765952
836864416096333824
836875548458614784
836891458523250688
836927587293270016
836938465027706880
837219770529431552
837227425083842560
837282529161920512
837283021753618432
837283761419128832
837284520030273536
837285409772142592
837286418586140672
837590908249964544
837598891973410816
837607540972216320
837643182779289600
837666985953615872
838751543876780032
838768826934312960
839071762407165952
839812371103252480
841216130190577664
841247033029718016
841278552481910784
842308603709140992
842402350019035136
842402410601578496
843447917151223808
844133938868240384
844134015187738624
844134047836229632
844134104912355328
844143018097696768
844158498095140864
844165513374765056
844883987747258368
845246955475390464
845248412920500224
845248608500928512
845280264486031360
847411987315163136
847441046552182784
847834620179689472
847835224117563392
847835361191616512
847835617673269248
847835656663556096
847835839208075264
849171079448977408
849171748897644544
849207463723380736
849213089199390720
849213132396535808
849213156966752256
849213553009733632
849218773257158656
849262119069659136
849265419890327552
849285913456910336
849600827874582528
852960806551658496
852960841142071296
852966784865099776
852968856914210816
852971610348949504
852973906130599936
852974022841311232
852974130169356288
852976098153508864
852976101525782528
852983875831816192
852988584206512128
852994516965617664
852995757208731648
852995864733913088
852997933423370240
852999788865966080
853003730605793280
853006726227996672
853012364488306688
853013571982307328
853013696758591488
853016896752549888
853019126176075776
853020524678664192
853025704421863424
853031404086710272
853034843902545920
853041195060269056
853049080351776768
853054670377549824
853059223214751744
853063478202032128
853066520091602944
853069037076701184
853074303578931200
853077636158955520
853247652410134528
853247656856096768
853251578391932928
853251580296142848
853251705785524224
853255569133756416
853255693566128128
853257639463194624
853264594713927680
853264596739772416
