500361725225742336
500362389163110400
500364330974445568
500365576968372224
501413393559875584
505502271548194816
506333642789257216
506848478874456064
507186400874467328
508020631599054848
508020945953366016
508021918654427136
510210156638896128
511456983242010624
511694122114355200
513650284485414912
515560342806478848
516551348410519552
518305672472301568
519625742066282496
520648974341267456
520650975640829952
524097315066216448
527264282736484352
527264912419340288
527265917764632576
527282227869384704
527294963009454080
527295098099597312
527321153073721344
527321201845489664
527321307868717056
527321440497201152
527322486476525568
527323013885075456
527323060521553920
527329316586016768
527329579703103488
527336129377607680
527486802425573376
527723274005131264
527737058421641216
527804554071797760
527841142084489216
527940942649491456
528132253017051136
528133249818566656
528134627248992256
528145257171402752
528954139871424512
528954434349719552
529090034654134272
529094392414732288
529295827366608896
529676194019807232
529751211071639552
529751692477480960
529752089854226432
529766639722450944
529766762871406592
529773160426504192
529773733544607744
529776483628105728
529776483577782272
529784214124646400
529789242944155648
529813820894486528
529827507415953408
529828555698368512
530118025194643456
530118137694261248
530747757154545664
530750580805730304
531283924480446464
531331347046875136
531743119998713856
532253270010372096
532253444355391488
532254835010465792
532284279133593600
532418401881178112
532418616163975168
533011369537589248
533125928998932480
534258480073682944
534512959964192768
534514540655181824
534515132810792960
534516855399256064
534543834269491200
534619496867434496
535109751773093888
535112873261805568
536236413105479680
536743077453365248
536745815016873984
536747820724654080
536749410403643392
536824729210863616
536985503497584640
536985919740313600
536986390362218496
536986423828545536
536989053980532736
537289552239788032
537289804770471936
537290063819075584
537337702564511744
537377092455759872
537377439328894976
537378068130590720
537378672798208000
537404587653603328
537443496827686912
537443599848181760
537444809221222400
537445073047142400
537445081406799872
537445226952941568
537458618325430272
537481016164638720
537496406509248512
537532725268185088
537773138713403392
538823740084060160
540235024726261760
540706326754889728
542967105470341120
543119012138590208
543124538847141888
544580523511652352
544580562736791552
544580564318056448
544866344957923328
544866523241021440
544889709290594304
544899803164205056
544907227166154752
544957960430960640
544992129701801984
545097315376459776
545274408206880768
545277126555869184
545277168977072128
545278938222968832
545284452818358272
545297181108748288
545299576547442688
545307041707732992
545329955337293824
545334246811140096
545337937794056192
545466895215108096
545559234658988032
545903511075319808
546259640716365824
546783360995966976
547759598464405504
547759623831568384
549260336046800896
550446822502588416
550447074802561024
550447578492305408
550449338800177152
550805578231324672
550807546601041920
552413792010010624
552415405550350336
552417308992622592
552418616617205760
552423027049504768
552539455882801152
553277477112803328
554433160134397952
554447861216464896
554448331293093888
554452459830403072
554454877007405056
554462660582838272
554505441506390016
554808456499458048
554874328266067968
555014647842357248
555014832278487040
555015299800788992
555016227509506048
555021533928620032
555021937848901632
555022064059691008
555027196528836608
555030437245231104
555045771989770240
555045820136161280
555048553517948928
555048590675296256
555049252469350400
555051521918791680
555072209509961728
555135427951091712
555704243479248896
555792283027513344
555895421436821504
558807763615506432
559348596588707840
560169812869935104
560495076645015552
560880509304463360
561140185912442880
561179612563406848
561267976284811264
561305240176459776
561527871689486336
561643131905789952
561644268008525824
562142629937573888
564712556737363968
564851791070633984
564853654239600640
564854035657031680
564854699896352768
564861976942481408
564865549050863616
564984509138227200
565271755494031360
565271801362915328
565272610284789760
565272648083836928
565642441253212160
566311133699923968
566608110727741440
567834263284015104
569159806570749952
569293523402547200
569865071104532480
570308097446682624
570633004676218880
571370039758057472
571444086319812608
573268333178404864
573268851821031424
573448810606809088
575062050243657728
575301282497478656
576793502752862208
577280481223311360
577416948646051840
577799005016477696
578256568724029440
578456873269084160
578633079444520960
578968628256743424
578995365728296960
579057440437731328
579427652987146240
579692633716617216
579717923608006656
579718142651297792
579793569201852416
580389815444598784
580420456517365760
580423402407759872
580461711095951360
580602011130961920
580609576720035840
580674565061382144
581139059495432192
581168790672642048
582646388556730368
582736599340838912
582935681867096064
582982409592922112
582985513445015552
583269669089447936
583270694097682432
583319909670785024
583987547602321408
584395990041366528
584496972251410432
584534725290811392
585171786909818880
585578682032463872
585834605594324992
585836835714289664
585852834119340032
585853010745683968
586013158206083072
586616619369041920
586641874565275648
587017344129564672
587017880077803520
587027007524995072
587027420877828096
587064582855876608
587330927128252416
587694380506447872
587702487118958592
587772139727622144
587772230857273344
587774690749456384
587775948331868160
587775999141666816
587954404776632320
587963173417918464
587973709010489344
587975341953654784
587979929070997504
588107186624188416
588110792232460288
588139577010970624
588378674585546752
589045880071663616
589837999547944960
590010984271454208
590020372784750592
590132222897848320
590224929007607808
590287843471204352
591293025810186240
591352643827724288
592166355144732672
592423571181285376
592449977533640704
592652310905548800
592743065217081344
592752843322478592
592898757412450304
592971465441546240
593105742728564736
593127634524983296
593235666927923200
593414333553577984
593553981793837056
593563965243850752
593587583063568384
593659156806111232
593703651757133824
593771537850834944
593830335311413248
593871058706558976
593871910934552576
593875482161979392
593876212352581632
593878194572386304
593878553256570880
593897069133361152
593956485123710976
593966446905929728
594059575646650368
594094960711860224
594168605752881152
595459343257980928
595660852000358400
595758415059771392
595828911285608448
595950910339207168
596130238469378048
596169719989678080
596547624901210112
596647510111690752
596776371956928512
596776507709792256
597781385403699200
597845018733215744
598157526685876224
598627648689037312
598634553524162560
598637165195563008
598888072915226624
598888936522547200
599387602924470272
600042616785281024
600079979305656320
600329633955844096
600338164658475008
600663479800868864
600707580181159936
601028738910920704
601042801703411712
601585272481050624
601590292005965824
601671926466088960
602117073070903296
602219922010349568
602220360558313472
602230070850285568
602326051130335232
602549675057684480
603259583461752832
603332073391194112
603498351275806720
603661169094696960
603661276917723136
603765231668568064
603960777431654400
604017171795177472
604058137495109632
604070697921458176
604282470469648384
604282517433257984
605169440066400256
605224198189936640
605319270868897792
605361706706063360
605390982155259904
605395673190678528
605670961635946496
605679207746813952
606223302193901568
606251323848167424
606447191775956992
606507774097375232
606564053956227072
606697969484763136
606974364211240960
608020600167104512
608361727558877184
608430923705520128
608640998365892608
608819744335101952
608820146388385792
608833292012355584
609372198034370560
609397471949795328
609441300639805440
609441866283618304
609442038556307456
609442258199441408
609442471215542272
609442689239646208
609442846941294592
609490424227479552
609881303626838016
609883840614637568
609938060747210752
611087549751234560
611686879747026944
612049175501512704
612060354156363776
612064820104441856
612065554640281600
612670322433769472
613162105089339392
613364656082567168
613681360398630912
613689468311216128
613690660621824000
613820555934855168
613826619967455232
613826838826250240
613847129971408896
613876583586250752
613876640591032320
613989741307002880
614141367279853568
614188110113546240
614330699915653120
614446088695713792
614450991891480576
614451507526795264
614455448209506304
614456043930820608
614459744682532864
614503044018012160
614506307337351168
614524253703024640
614629127933566976
614632983555747840
614641700598906880
614645280164741120
614752100984188928
614876920828829696
614876978303344640
615259876663558144
615260315027156992
615261920027873280
615276246059061248
615293512490315776
615293942150475776
615310178980859904
615312974543241216
615313093695012864
615313951077847040
615327375056834560
615328976412803072
615329320979066880
615505983847075840
615529677789249536
615554779826245632
615555376986103808
615559897602723840
615562825495261184
615569954780246016
615570850780200960
615673222151979008
615678470136303616
615847945544593408
615900398537338880
615900527528910848
616001443078631424
616002589671321600
616003972415950848
616033507278614528
616034756736778240
616047933398642688
616047996875239424
616080485060489216
616401015194165248
616415820856586240
616540066157076480
616665588916715520
616763192845406208
616764271767240704
617085843279319040
617086213158236160
617395523796873216
617521106715607040
617843661968134144
617906272470454272
617906599005323264
617906761106788352
617909670980775936
618442894693658624
618827604435439616
618878415190429696
618892766249099264
619047667369439232
619187472665341952
619284144393052160
619834067069071360
620375970973921280
620788000876822528
620791474607812608
620929266021040128
620930993877168128
621014690232053760
621103399522537472
621130824423870464
621654505172635648
621654860665110528
621661656532320256
621773486197858304
621803817814749184
622162821862846464
622180527429296128
622196318014963712
622196384863752192
622196446708764672
622524629761032192
622526234707279872
622928096677773312
623022400301604864
623201591017869312
623360266638630912
623703032870645760
623887290507636736
623887350477783040
623887435806736384
624251417671389184
624256714771070976
624377265762234368
624701105843212288
624738046097752064
625029427664191488
625029537206771712
625030269746184192
625030364025778176
625049067022848000
625702891467223040
625772899304124416
625829195936100352
626138702302060544
626189439858012160
626190737324044288
626194774761041920
626196714702159872
626196778107445248
626228491340619776
626284282906947584
626408849562427392
626597747844476928
626601995676168192
626638687925735424
626654124524703744
626766755805814784
626830946877222912
626839203997814784
626866116925587456
626914519521099776
626932049165717504
627072481342439424
627347744642830336
627557661668704256
627911739640647680
629367096284172288
629411354156363776
629660763330859008
629684694473310208
629816887875084288
630257669622898688
630261117349003264
630293917330722816
630368365681451008
630374267595681792
630433470758588416
630516039076458496
630537426419585024
630564690641289216
630769428137906176
630823285446574080
630823794647633920
630907035551440896
631143063428202496
631212326570590208
631271695932723200
631272106899152896
631272419269939200
631272786594545664
631272872581857280
631274053559582720
631543375175364608
631554541570277376
632034632037437440
632327513612656640
632327594722107392
632327695364411392
632351239657914368
632640671355113472
632642293355413504
632643421417668608
632656327517569024
632656753348505600
632896666014760960
633245683580039168
633715914710585344
633715993982967808
634105362782797824
634106229481148416
634164536715661312
634529197202014208
634530100827041792
634662972808413184
634670256439623680
634882059140485120
635365149717610496
635528120355786752
636079882653425664
636242105854263296
636762714228985856
636822149550882816
636899233258319872
637462886680514560
637468038867099648
637966471025573888
638119446121476096
638119687608471552
638131006273359872
638131243973001216
638136728172281856
638136795864109056
638155015505494016
638524838580219904
638683854853808128
638703218126663680
638987114223398912
639172431098327040
639182334290468864
639253302295834624
639962351672905728
639962428063805440
640314384120717312
640314517247889408
641420019830784000
641423511932796928
641423653016576000
641773294937579520
642141412411219968
642304082183626752
642306421833334784
642379964352962560
642483500025778176
642742630732931072
642855604718051328
642855898537459712
642867356520288256
643118804717862912
643446735168102400
644315615835066368
644638792327036928
645210554995482624
645255110642278400
646051777691971584
646228657946542080
646772760010579968
646887095051677696
647170910500356096
647574752438132736
647575136367939584
647818403315630080
648135058323316736
648283840163745792
648637225190694912
648644090557526016
648644156336832512
648653504211480576
649010890533158912
649021514336047104
649022353209491456
649033269997084672
649158270200979456
649276948024266752
649337365756940288
649337751909888000
649338908900257792
649384713807888384
649670200170803200
649708625175293952
649716773147799552
649866671960760320
649867586121797632
649867736361730048
649867736349216768
649871615283568640
649884195217608704
650082514556424192
650321927282794496
650327579589767168
650336674199769088
650339511054921728
650839199239811072
650841208332414976
650847032299659264
650847070002266112
650847157940039680
650847235786297344
650996836547887104
651193562046971904
651193643009572864
651193852246626304
652211649068204032
652214835472637952
652229117849567232
652651224567820288
652651362036092928
652651447574728704
652657386583425024
652905658367537152
652912000465530880
652942927933632512
652957589903441920
652964071344578560
653199082232631296
653231639665971200
653259108607467520
653259633197514752
653296202583306240
653318085936607232
653348975286874112
653358588208001024
653359965135089664
653362244537974784
653362659593723904
653379330773504000
653380717301399552
653505663218360320
653573385344131072
653699732871577600
653726298393587712
653726531760619520
653729353885347840
653735305082765312
653736354510172160
653736988932182016
653737008372809728
653738020235952128
653742326855004160
653742471483031552
653744196021583872
653778499182964736
653813406965870592
653817561470083072
653821051831484416
653915670191718400
654034308609388544
654067003406204928
654072614948880384
654098075183620096
654106968605507584
654127228909957120
654267881241358336
654270918563250176
654740815747481600
654813093499764736
654821668288724992
654821951924477952
654822408377896960
655046210206760960
655058513694097408
655161974003736576
655162311813001216
655162410207170560
655162508425175040
655163143224733696
655413131720663040
655817992975052800
656275363308400640
656282181820661760
656608194417029120
656608859520274432
656609038981971968
656610610537476096
656610632524013568
656610949760069632
656612376654008320
656612409998639104
656612652597276672
656616434781413376
656646607128039424
656647764055425024
656653695824842752
656690327877607424
656779591797768192
656835575010332672
656836218575949824
656904406269587456
657016932214816768
657017211656138752
657018072289693696
657028832466087936
657031117254430720
657031368468074496
657031816419934208
657031838565691392
657031915686514688
657032484522237952
657033369218383872
657033936271376384
657036056794034176
657036523821379584
657039479438360576
657039789900693504
657040297583489024
657055814092505088
657718993763983360
657950526454140928
658377402519822336
658475121116651520
658697030022246400
659315012704579584
659316200879628288
659330192989638656
659392155300024320
659882430040375296
659884777403650048
659895181966237696
660626411061772288
660630886140870656
660715742896250880
660903554052448256
661907104672927744
662290041746677760
662906358920929280
663155250703048704
663396485090967552
663540695932649472
663774915514863616
663775466835177472
663776021120999424
663800566095732736
663811171716231168
663813786911023104
664213499355250688
664221667862933504
664223555811430400
664832709743636480
665052000816603136
665435418062675968
665462064312397824
665464529476808704
665465497530560512
665582150549286912
666074995295043584
666358400746307584
666360570266959872
666371925330018304
667113869790310400
667114326646505472
667440262017339392
667455005457158144
667487608461742080
667673193868615680
667722742876250112
667722880864657408
667723669083435008
667778993714761728
668090732780109824
668150555043229696
668208808007761920
668209031861899264
668209870181568512
668210166685396992
668440296183738368
668542599905480704
668561587616227328
669677559718768640
671034220827963392
671079159129612288
671129250448191488
671326957540384768
671446339817984000
671818709833412608
672076882884497408
672086710189166592
672092957541974016
672106036698984448
672106958871207936
672108541465989120
672118589097426944
672123196380811264
672233328259571712
672327306115969024
672327909969936384
672502927676727296
672503441000783872
672505825999630336
672549082909437952
672722872025153536
672868249965490176
673156275128147968
673162172051169280
673165502521438208
673323497616048128
673369275193683968
673624529806209024
673640222043848704
673640496955174912
673696479995891712
673982018598776832
673982800425525248
674257126445981696
674257421678673920
674315805790720000
674941337070911488
675004459416711168
675047133582655488
675101670179737600
675102415209766912
675102644151693312
675343197464223744
675778583860785152
676033226905907200
676565864469131264
676648672231350272
677172432726188032
677206523727241216
677545117612380160
677545380955885568
677567972744011776
677583963553075200
677615239932809216
677616029674131456
677664595000061952
677869427363217408
677879867124289536
677893762048241664
677917587297034240
678130950165897216
678368165575991296
678370695428964352
678372041867837440
678592493080977408
678608030498357248
679170491698053120
679399029252468736
679401061665259520
679412355437039616
680154107982798848
680912725011214336
681065696365772800
681187734694813696
681189376408334336
681189592146538496
681228452029181952
681230484731486208
681231860094124032
681290594254102528
681514075071889408
681575322563821568
682153678157971456
682161965360263168
682367559660888064
682663191265054720
683008772164431872
683321613807296512
683374250460360704
683374503062319104
683375503177314304
683392083386863616
683392889972518912
683394401415086080
683524457789546496
683761268541526016
683766681483739136
684054423543353344
684086305584758784
684086775174807552
684089356127223808
684492074931064832
684825045345124352
685544406213103616
685796598820028416
685893614451449856
685903122330431488
685908444990210048
685908593632251904
686310284059914240
688320076097822720
688460805424201728
688775572202323968
688786864325541888
690566850992742400
690616211709759488
690616295423868928
690616406187077632
690619710916972544
690627660716769280
690653596333936640
691052111484821504
691077943058128896
691093680912932864
691123906715889664
691164876413210624
691659103798693888
692155945300934656
692520380800573440
692554111573757952
692824178248953856
692825155572072448
692858064056164352
693267137218084864
694370829790900224
694376131193995264
694381686318977024
694399529471184896
694503219540525056
694574105832480768
694574873608196096
694635305421410304
694794441752723456
694799493905063936
694932670950690816
695035107296612352
695126748610990080
695427235814092800
695457950421422080
695606423514914816
697039788851990528
697136738083459072
697137339106091008
697431474115629056
697475762127900672
697792740587937792
697906934456799232
700089652477325312
700097918041198592
700439010024361984
700450996095488000
701389147265753088
701900636607160320
703146362699804672
703291027549872128
704345801095569408
704350190921228288
704657833162313728
704731494997204992
704899614282006528
704961340733939712
705362994855854080
705631165026164736
705860547246477312
706216737147113472
706229465056157696
706333294225432576
706458048261439488
706756521863069696
707245042058993664
707311521672462336
707422716144451584
707434954263760896
707716076411461632
707747402728542208
707977200314658816
708091423862579200
708320871648071680
708322265985912832
708323748299014144
708328177119203328
708478869293174784
708481722283859968
708749156366548992
708749720009752576
710252225126207488
710526267377000448
710832805656313856
711513179067719680
711594651136831488
711604367405813760
711647309889675264
711924394709295104
711926264219586560
711926329697038336
711943680043552768
711946656753786880
711956508083245056
711968806340599808
711975848102993920
712083663605919744
712533379938402304
712603726314397696
713076089875247104
713097266005803008
713156353422811136
713364531737718784
713558492787806208
713967413432291328
714116238100795392
714184861909655552
715195307349377024
715658535175077888
715887385821765632
715892512452395008
715894694811553792
715947686755766272
716552402787127296
716707687048822784
717014303342247936
717023935850622976
717024293691850752
717436029398069248
717719509747019776
717890396324511744
717999569573797888
717999910616850432
717999955114205184
718000250145800192
718000816435494912
718001376865947648
718002890770518016
718003026850492416
718003501922521088
718003920950337536
718006667963539456
718011958658621440
718012164603125760
718012556401516544
718029273752154112
718215399079329792
718536559499169792
719839637863211008
719859563315339264
719983972978147328
720399775019831296
720579561470169088
721672207081021440
721730608116793344
722170004637003776
722604194105008128
723026671507378176
723909643706216448
724673045466468352
724731805186793472
725001096708530176
725001161560842240
725821887595438080
726079627479887872
726159061599670272
726761163527065600
726868988064587776
727156246843916288
727178119417761792
727354473996161024
727699180752408576
727699512509104128
727904035303395328
728370294042284032
728613628111360000
728613628073676800
728613627847159808
729006585691934720
729019183187402752
729246937388449792
729303016218738688
729420173103468544
730039083754389504
730819593359491072
730820020532576256
731498102109175808
731510153992908800
733421045735022592
734446263509340160
734707878142091264
734719778808573952
734741522160160768
734879710153441280
734880802035535872
734945938893111296
735039736885194752
735045154059390976
735228347895058432
735252227099500544
735266007409819648
735295683318718464
735296535148142592
735299841060917248
735317672213237760
735341250572898304
735417649757323264
735422163587465216
735423119561773056
735432688388198400
735434437077389312
735444955771068416
735448065998360576
735448410967400448
735462358219427840
735469836424359936
735491125167849472
735500562771398656
735502847127625728
735512337499717632
736584906625556480
736584995146457088
736614353449934848
736635817343356928
736653586101309440
737008910121508864
737011600427606016
737243700946964480
737243923962204160
737355018286866432
737982187086188544
738001451071328256
738399816334479360
738641367719518208
738746340755288064
739105114045063168
739105201131421696
739105814955233280
739106228681330688
739162721996902400
740579959857512448
740635805207699456
741338053441118208
741668338372337664
742063249139453952
743135069745750016
743138836339843072
743809567180656640
744188487235178496
744195636904472576
744210804170383360
744361308724805632
744427946174201856
744554606945013760
744795515653496832
744950961769168896
745538804476305408
745710685221453824
745831747477188608
746223972262416384
747318157774184448
747321958472179712
747330028925399040
747369827052883968
747428434184441856
747562002696962048
747707996449411072
747707996378107904
747710179081322496
747711792323887104
747712333452017664
747812974170095616
747891475833184256
748036615822544896
748051072741220352
748198800121077760
748257370166329344
748278391992950784
748640302349508608
748940747630530560
750425689782906880
750437476058013696
750674560266170368
750679056543350784
750721179766456320
750727391027363840
751178675920314368
751477013253353472
751542487911542784
751542567481675776
751542597982777344
751542697668780032
751543276122038272
751543381839450112
751543552946147328
751543613293666304
751543819406041088
751543861747544064
751543986779594752
751544341315870720
751544572187140096
751545057279217664
751545126653136896
751545430878461952
751545521882341376
751545733900214272
751545916759216128
751546287779045376
751546354204340224
751547113440481280
751547155534405632
751547642212130816
751547932055367680
751548625956864000
751548718990626816
751551570836422656
751551912630063104
751552380341252096
751553470138843136
751553646664544256
751553742575693824
751558577970679808
751558652612448256
751559161310314496
751562352642945024
751569237198696448
751570547968921600
751570561222914048
751572191376973824
751572790734680064
751575237779595264
751579353297727488
751582914249457664
751586948335017984
751586998079590400
751593754297937920
751604566244724736
751606844154576896
751606942058090496
751609661883723776
751613225238536192
751613563165220864
751613778073116672
751613799589744640
751616800266264576
751621259633520640
751625198944878592
751629321949720576
751629649852137472
751629757943468032
751642371847258112
751653131033964544
751659428991016960
751662141392842752
751675564008804352
751706475349827584
751718899389829120
751738474806571008
751774447036575744
751778461581180928
751785834026790912
751831439398674432
751901209171152896
751925481101025280
751928311023038464
751943938416705536
751944061238607872
751968419147157504
751975805907898368
752140779242549248
752198111901122560
752218078231031808
752437637475135488
752470447049105408
752471841160081408
752472078029295616
752504476481777664
752509047128072192
752547596304998400
752550310258810880
752565776175996928
752592051011719168
752660092219252736
752675954732904448
752888596441407488
752896988555911168
752897275068878848
752942425224650752
753367192666644480
753386002945830912
753386073665970176
753388593448624128
753388612864073728
753640621168918528
753642090081480704
753751483028344832
753751636061855744
753751648636370944
753751765909118976
753751977864073216
753752594837889024
753754167009746944
753754371293188096
753754597508784128
753758568130764800
753783596415119360
753915404997787648
753998838495444992
754587961707077632
754879653953675264
755329085044297728
755676544648052736
755771724939927552
756757067743059968
757948982752608256
758400668491055104
759491659239260160
759677108494954496
759727150438113280
760896764882751488
761104856656388096
761255637946949632
761417974519435264
762013035108061184
762238087326031872
762250045601218560
762429906529558528
762528578412109824
762741486504910848
762975007874187264
763000734187151360
763124459880394752
763356225022988288
763356242127360000
763916042041171968
763926305352015872
763996311561515008
764004532414144512
764073449090265088
764628058305204224
764628083575918592
765546949491642368
765580065161830400
766263910316052480
766353753779867648
766656767329722368
766657546644054016
767588547012333568
768002992410951680
769042768844972032
769385563816337408
769387738386706432
769542069337686016
769989222577147904
770468258709381120
771446357542309888
771447335826055168
771846777595043840
772079924765229056
772080802767245312
772122166653431808
772294876704624640
772481476252213248
773132427933941760
773878819253915648
774007507509317632
774231313440276480
774471014088642560
774480505790197760
774769389522587648
774862308723994624
774900347244519424
774928760881557504
775063946554404864
775067730332364800
775116507147866112
775260779167625216
775537335786102784
775658698043748352
776407892186456064
776556837940371456
777310837480370176
777653148240474112
777932053807411200
778230663468187648
778366765579534336
778653726668165120
778654128323067904
778654312092368896
778999870380052480
779070515659042816
779151566276141056
779503722908962816
780142436420980736
780142541261967360
780213403662954496
780515413230690304
781035070215823360
781093593356247040
781250795778048000
781527058975305728
781549405551730688
782327327610986496
782596885622259712
782740412242898944
783025871959588864
783092860484587520
783293700315095040
783574059447685120
784854902983970816
784897104854515712
784959959498907648
785800213503942656
785941436998885376
786460141956829184
786680968069390336
788490268131467264
790035276877922304
790041436855078912
790230399448391680
790317790435549184
790971524660494336
791017876106907648
791030906580406272
791074005113573376
791074022196817920
791200382961774592
791210433235476480
791221928300257280
791240540738031616
791436434909650944
791471158776336384
791498376286052352
792218939589693440
792387656156143616
792663485456977920
792696471346905088
793120110554775552
793883087696453632
794157959802744832
794928727729770496
795400964001955840
795616722418040832
795962940243542016
796849176420159488
796956623378010112
796960869666066432
796962279250071552
797004711371149312
797110051613843456
797416429914046464
797462091921817600
797509024119922688
797563366650822656
798759783931052032
799535935268462592
799614853132349440
799617624065900544
799667154266234880
800462116528541696
800462169875877888
800814398331727872
800876560404381696
801226767335821312
801824175178584064
801859509190795264
802013283242901504
802229305669365760
802604646388924416
802662377846112256
802957608416002048
803629948103786496
803701153875668992
803933155791093760
804093020182220800
804115686935117824
804117054840258560
804148549369745408
804348090874523648
804424581469474816
804577431151636480
804670324105248768
804691952889372672
804694938583703552
804818230447665152
805151243660300288
805195944660791296
805277104837431296
805396856922664960
805492217338994688
805568885089062912
805570608792764416
805939056215519232
805949909488828416
805993093308641280
806966264950390784
806973768992247808
806975679199907840
807588450086060032
808097434106740736
808111043360804864
808408801120493568
808466513426612224
808741895757320192
808741974522155008
809177290282307584
809177590581719040
809181883821096960
809274499925352448
809276174388121600
809278329169686528
809279064141807616
809279380375511040
809419332350595072
809419424256184320
809423330436673536
809423423441092608
809423528059666432
809464005060280320
809466230075600896
809576346825486336
810503749865209856
811275283978473472
811338829340835840
811753122024587264
812027901428297728
812042434326761472
812070619621785600
812092979708100608
812098636217581568
812563677459181568
812612812417695744
812683059682308096
812683871594643456
813215271938822144
813809893392060416
813810282313248768
813810974545350656
813811882893066240
813812114884214784
813813206368092160
813850674165223424
813876191778066432
813883127282171904
813924089324773376
813954168268488704
814019599062548480
814200391181148160
814216323257561088
814277130808913920
814291703439953920
814417040094232576
814465261826772992
814465833837600768
814640801263271936
814692204773916672
814921680346750976
814931780939743232
814987338723958784
814987526373068800
814987795219423232
814987794695225344
814988036714872832
814988127018237952
814988145041154048
814988536399167488
814988567126491136
814988845078953984
814989313104609280
814989760456335360
814989998743289856
814990090875371520
814990503573909504
814990620636815360
814991359912378368
814994174898487296
814995106323316736
814995745287925760
814996033646100480
814996243416051712
815005932878843904
815007676224696320
815022609213624320
815030709572300800
815032543078744064
815033744268599296
815047846516752384
815049261855440896
815075666714619904
815078165718691840
815090562789359616
815110829314109440
815127140228272128
815160217411293184
815189508060774400
815232390310170624
815252487791906816
815253642655645696
815267793608196096
815287487937417216
815732468263387136
815915124997296128
815915353750568960
816645425805594624
817115577496039424
817495180957753344
817546340934696960
817641277428822016
817811657388937216
817832014187401216
817838909874794496
818142857655701504
818446226207162368
818515182850834432
818790321526079488
818794365887926272
818894391045550080
818894549468647424
818965974061719552
819588676036493312
820794066849988608
821028927133151232
822041906184077312
822159203569635328
822215241576628224
822420099915251712
822864577956151296
823116800175079424
823684877061066752
823986560013979648
824092984131993600
824099170835234816
824133241645002752
824668490162434048
824722114397765632
824722465221906432
825356726710976512
825614820560949248
825833771010240512
825846338424274944
826425414197338112
826481286244139008
827354297406980096
827572209011003392
827707257890734080
827709603186094080
827716866860658688
827931693466210304
828151919835234304
828163600720216064
828489106573426688
828716946824712192
830087295684530176
830826489671274496
830847893976264704
831237700468490240
831966594347704320
832098173212618752
832319547671769088
832368474248798208
832368899085713408
832377658969251840
832377658897883136
832409674716737536
832653134308663296
833026172434993152
833027240938008576
833125056372936704
833767635863101440
834224581741203456
834225351379128320
834225896290594816
834231664079310848
834246366629023744
834275388347994112
834588033236115456
834790360039702528
835473590434873344
835636933535666176
836320669474275328
836973594341224448
836973974835855360
836976790258208768
837022889450868736
837223058888863744
837275358265237504
837430056620343296
837566557383442432
837573059812941824
837675578165719040
837781055885176832
837894948607442944
838130212965593088
839151490543529984
839442309397651456
839536599910268928
839582492810059776
839784960219365376
839969357019164672
840302512091488256
840539483678359552
840620392477839360
841356193985617920
841363148452048896
841367326482137088
841382960553181184
841643089588604928
841647844733915136
841725368696463360
842155224311701504
842273533174677504
842461299380518912
842623461994332160
842629813739360256
842756589278969856
842919611846852608
843137319771291648
843203603628150784
843599496990904320
843708375305207808
844236249422610432
844239856461078528
844252812108320768
844416889388453888
844514474870685696
844780529073324032
844870595535761408
844873608753303552
845022147600941056
845600787011194880
845733544672477184
845740629179219968
845961635160375296
845967564434018304
845975228916404224
846325587576807424
846386410273701888
846386505593565184
846386764289839104
846440186489831424
846496387885907968
846773208292446208
846775957113503744
846943031857233920
847211871044222976
847560715217010688
848039321613586432
848084727970115584
848404350233788416
849058558058614784
849206888575238144
850008386913554432
850109790118223872
850138050143207424
850812709423779840
852198276162101248
852677593405022208
852677988374253568
853241477186584576
853241775275876352
853263240528355328
853325857884184576
853671117596262400
853716748339560448
854031613373673472
854089191726043136
854611766109757440
855620964981235712
855624694325690368
855795074541780992
855883053075443712
856316502752022528
856614650171052032
857328433034133504
857394343514173440
857394497558368256
857672999536873472
857790910779629568
858163353562345472
858303560446078976
858446412832358400
858533235793514496
858803326711943168
860446026729222144
860448793048735744
860626083749789696
860635910248869888
861068729240743936
862415767165435904
863310352720822272
864481612863602688
864482266176778240
864594790326861824
864596001457405952
864815659733008384
864835819856646144
864926896429072384
865351150165520384
865852716655853568
865968385112367104
867050471856406528
867185037468475392
867185128195358720
867185388334526464
867185399839547392
867185636196757504
868188891135823872
868204421708038144
868501858100416512
868896197733470208
870373572690284544
870549745231695872
870551351549415424
870627747579777024
871083729825001472
871087267783229440
871117592227966976
871118039978303488
871210500880822272
871223194203639808
871361924008693760
871362102707064832
871362130532085760
871362418546360320
871362876379942912
871364011492728832
871368223299645440
871368888616988672
871371437222883328
871426631252004864
871451419425087488
871478990107795456
871534544960225280
871798187291443200
871898661978025984
872817937874391040
873234425236074496
873259531106529280
873260012596068352
873260504915083264
873546070009278464
873622956366217216
873890894222700544
873891896774582272
873896308444155904
873905495832219648
873928169870557184
873940890397495296
873951516603928576
873968230095781888
873982454830444544
873982625697976320
873983540400148480
873984562954592256
873985447042723840
873987214404747264
873991321140252672
873996856031883264
874075263021326336
874095836774494208
874130692036149248
874588887443755008
874766945911963648
874935070628491264
874935691398062080
874935734049939456
874935777716785152
874938638701932544
874945160886583296
874948179250339840
874950621627068416
874950819061182464
874951103443378176
874960274742276096
874999453794611200
875073786701336576
875465400686751744
875494200569212928
875700238828417024
876099349574504448
876461679785242624
876766548500897792
877290043479556096
877495036367253504
877560292175093760
877562375963934720
877631654407413760
877666844123025408
877854200398524416
878232141582094336
878573875050762240
878814172498317312
878814617211985920
879029573022654464
879029699397246976
879679936306573312
880113522147041280
880294439612280832
880508911589232640
880570101086343168
880651519888175104
880841218543976448
881161404245581824
881225074803712000
881490928246157312
881494629375508480
881963593402654720
882136638142513152
882253495776276480
882689941855244288
882975962006257664
883060183550894080
883617526369746944
884099722503491584
884637749927714816
884638348379172864
884702729758801920
884713922653151232
884735155721707520
884736069320589312
884793388142403584
884805228901617664
885218822864719872
885222967935979520
885264999605690368
885513895531520000
885514172439703552
885514278899519488
885514523901296640
885514601307287552
885514663374540800
885514662388924416
885514676049543168
885514711017693184
885514892811390976
885514959320436736
885515094725206016
885515270764232704
885515431871565824
885515430462402560
885515510007377920
885515670431162368
885515706787393536
885516301472608256
885516348851449856
885516542947069952
885517385494446080
885517989164044288
885518254428631040
885518269406248960
885519246213750784
885519908443783168
885519924751355904
885520304973459456
885521275942195200
885522187800768512
885522272517328896
885523105493286912
885523721603227648
885524264581038080
885524361779838976
885524812873039872
885525274196135936
885525419121926144
885525464604962816
885525708977561600
885526109936394240
885526312152059904
885526372222771200
885526525629480960
885526638477197312
885527082301890560
885527220147462144
885527830804692992
885528334414819328
885530115358285824
885530347298996224
885530630620106752
885531372013617152
885531473637519360
885531557150240768
885531772334878720
885531864143994880
885534471239479296
885534662533103616
885535202872774656
885536396827643904
885538836650045440
885540790008594432
885543213750075392
885546995758186496
885547862595166208
885548275746471936
885548966879821824
885551464474607616
885555637261918208
885563673346883584
885570191781842944
885573571296337920
885574296797622272
885582408443187200
885584702995931136
885586080270999552
885587294844895232
885587723951771648
885588079951720448
885588856933765120
885589286979911680
885590506885046272
885592944778125312
885596037687259136
885597058517827584
885598609978380288
885605604772823040
885605663921119232
885607946411012096
885608248321212416
885608363509260288
885609683850899456
885613730540773376
885613875223117824
885613887164366848
885622711866806272
885626942996729856
885626966442782720
885629297121271808
885632148711124992
885634767949103104
885635146602491904
885644141195141120
885644391120986112
885644524047003648
885664573268819968
885669400946163712
885670324381110272
885672270319898624
885675953308946432
885695135849226240
885697589169049600
885710976921722880
885718597397397504
885726684804071424
885727309277257728
885728159110492160
885729267610378240
885731994910339072
885737171730087936
885740951146254336
885749387900616704
885750206477815808
885764567795724288
885764784318230528
885778637676580864
885780753774252032
885832712233287680
885840836034007040
885843638013526016
885857222055546880
885863882102886400
885866080887087104
885869225427861504
885871186525036544
885874284421304320
885880309832613888
885917932496326656
885918562363342848
885928426657517568
885951565886042112
886044912487190528
886159685736435712
886246308369117184
886322206678102016
