503565778030178304
503650992031023104
503747671694520320
503863246521368576
503965089691885568
504098317186658304
504101967887876096
504294009742032896
504616967832367104
504778840200462336
504779284595372032
504785612860575744
504844964099264512
504856802883022848
504867552720613376
504881407727239168
504963909263319040
505103151230640128
505104839857418240
505107089556242432
505108836123172864
505114100989304832
505157097034493952
505189488260546560
505268139169685504
505366084535730176
505385866848903168
505403571907461120
505404804298850304
505419490495315968
505433033726775296
505439741383553024
505474570149560320
505486121045082112
505504162034229248
505513088398139392
505514866061217792
505526784369377280
505527020043108352
505560474944274432
505640912324919296
505707654594166784
505720860167372800
505722027496730624
505738545194369024
505913665946943488
506093294422876160
506133341738119168
506159088636424192
506220070780272640
506223804897828864
506224990812131328
506225980156162048
506235211269820416
506249098677473280
506249672634417152
506250030039445504
506250149543542784
506253002580430848
506255660250832896
506292584939913216
506292669371260928
506294157422649344
506472761657917440
506478536082079744
506535152323801088
506560911512178688
506595259531661312
506772002049228800
506864231472721920
506872844513710080
506888804394106880
506903617061003264
506917824292745216
507038495269847040
507173035875762176
507357748703789056
507358121585426432
507365562398560256
507399962796507136
507400681821454336
507400823546982400
507401706162765824
507401785427120128
507402067422363648
507407471955427328
507511743325962240
507727588161486848
507727765282779136
507728005171806208
507730485649633280
507730854085685248
507800874773917696
507868675798749184
507977233332715520
508181252373893120
508281613386797056
508281974294081536
508292032469553152
508316667219570688
508326501046292480
508364696312102912
508364801962442752
508364905724932096
508365060490555392
508368773406273536
508370783937499136
508384167529566208
508475045719851008
508599255674937344
508630569220317184
508635869868093440
508637892307349504
508638779565817856
508639234623016960
508640062339170304
508653644791959552
508657155181137920
508659092270104576
508660838430171136
508663886489608192
508666501319376896
508720670646087680
508753272174542848
508805892448714752
508855798592978944
508856625264721920
508929577734119424
508979765911748608
508989430187565056
508995615343538176
508995871594532864
509003810019504128
509005106952818688
509008356699561984
509010406258798592
509023552885239808
509025385002958848
509067663638003712
509099481359728640
509202902708420608
509212993763045376
509217564485222400
509365479937683456
509381729170522112
509382525161332736
509383744558755840
509399225080496128
509403230745686016
509418684759437312
509421921973583872
509427880091066368
509455826093113344
509456350385287168
509456933125128192
509457559095218176
509457662614855680
509457944405368832
509458754195030016
509460712453074944
509462052797046784
509473191077494784
509476801576714240
509482824836321280
509488355948896256
509509193922248704
509512928639602688
509525154771107840
509569600699531264
509569670429822976
509573862468911104
509585236397948928
509605802588766208
509620869132328960
509647886586748928
509749234900676608
509756280710246400
509762057072558080
509762567259308032
509767262082195456
509787019741261824
509787383215435776
509787540753489920
509789074908254208
509791358648086528
509802969697878016
509815327627436032
509825180550832128
509828906711781376
509829527183585280
509830819020828672
509835419492827136
509835502032535552
509835562669572096
509841766715883520
509845787954913280
509849609850880000
509910768574164992
509918635314655232
509929083153559552
510045080347226112
510059690936786944
510089170669547520
510120765011013632
510176354172928000
510177213745225728
510179940147683328
510190413257646080
510194590830567424
510232411448565760
510240269531230208
510241899798462464
510247325319442432
510251905856339968
510265319643160576
510393496872960000
510395745661624320
510396033076301824
510396858146230272
510397106830721024
510397358354735104
510398343735160832
510401074361282560
510408994981433344
510422323766104064
510422549159624704
510461374280237056
510463698025345024
510463912890728448
510471875907293184
510473856344010752
510474040742387712
510479555900235776
510512385904640000
510603458429616128
510604185172459520
510738351281168384
510766228567511040
510816110871334912
510816737198366720
510816888461357056
510824675329732608
510864997761552384
510889673804099584
510893445507219456
510894047662067712
510894151001325568
510908874929369088
510928807344504832
510942548178006016
510965970316570624
511084369138950144
511094367575367680
511149362567991296
511149706312183808
511163090667573248
511164536473538560
511169263378661376
511201271815360512
511205453166952448
511224131195768832
511235425886023680
511235908256157696
511237807764152320
511253287816155136
511253299019141120
511281445667889152
511317580343422976
511318753951625216
511319244374827008
511325534098587648
511325633583276032
511377277809356800
511519397354414080
511553060624416768
511554186967007232
511575471314993152
511617152093552640
511619932061446144
511712510517719040
511761922828828672
511904746962436096
511905728466939904
511910207153508352
511971116685225984
512023552862588928
512027652962525184
512119397251424256
512239072577064960
512252325524951040
512293535358664704
512293979715829760
512317761096515584
512318025039888384
512337674209083392
512341828394577920
512342766895251456
512357058830557184
512387867554086912
512388178662404096
512432270301757440
512432653308407808
512455770676670464
512469873495375872
512476604761923584
512476758369914880
512476976658251776
512587020947161088
512625974731497472
512649780171124736
512651227436314624
512679455123202048
512690890263908352
512736670391607296
512737218847191040
512740939119353856
512742593751285760
512744749850046464
512745189098541056
512747067555340288
513087433064583168
513155237616828416
513187816898322432
513213333995274240
513373829130092544
513380331421204480
513406358251507712
513535820293472256
513536458108698624
513536829530701824
513540069588602880
513543636181852160
513544652503277568
513545007903809536
513548643711070208
513549791989882880
513585626353242112
513622984775696384
513672557527330816
513690219594678272
513742143643717632
513864045129379840
513866754637180928
513911043723390976
513938233806172160
513948490062639104
513967173786951680
513973060001869824
514058907191218176
514089054078377984
514170471345315840
514187302277775360
514306558298427392
514414237570326528
514427239975235584
514437163216150528
514439337686364160
514446680943783936
514452101297373184
514478434266120192
514543414399221760
514559506676973568
514616913104994304
514756802647715840
514770206145937408
514770958897668096
514771548423475200
514780295409983488
514793451242926080
514839116371197952
514840934949724160
514841624808267776
514843145415458816
514843313376358400
514847732423741440
514857224582475776
514960935690448896
514961807023546368
514964573297065984
514964586877841408
514982346903146496
515043203494711296
515163623195680768
515168418048540672
515257329156378624
515258914884321280
515259170460024832
515259181092569088
515259369169358848
515259551504146432
515260902170693632
515261081640771584
515274488049852416
515292287421906944
515472107556597760
515486946043650048
515636992219312128
515934384860704768
515973417787731968
516049145732145152
516236236437356544
516278855862996992
516646892340793344
516648145380732928
516649959219687424
516653882735607808
516658505206726656
516671576423804928
516675447917404160
516680815536005120
516729242323648512
516762739348602880
516930101028859904
516931272716058624
516985915135524864
516997386745675776
516998312705409024
516999161544458240
517052900540178432
517053028369563648
517054432497139712
517054958676766720
517055017921310720
517055494310350848
517056716853506048
517061156935319552
517062024866836480
517070242045263872
517080123187924992
517080561190699008
517081855741280256
517087558892011520
517097252503166976
517124650766450688
517153615338041344
517204778519371776
517255164689121280
517265561609572352
517269193042198528
517329561575763968
517329610116435968
517339547504746496
517342344618987520
517377411457888256
517394422578020352
517405683650953216
517436996042907648
517454173840084992
517454810900332544
517456166688141312
517463309600448512
517471975363465216
517490691916976128
517599702154739712
517702994016497664
517757954351955968
517841959537606656
518740921463341056
519210656026079232
519210915938697216
519213071206977536
519214628996673536
519215011752050688
519294715091767296
519296894275977216
519460261795995648
519461454270193664
519462205188608000
519530677302087680
519535373572382720
519546806904963072
519550716025655296
519550995622137856
519557265222025216
519579178895540224
519585634843766784
519587440806203392
519588616457056256
519588876474535936
519591233530785792
519591475470811136
519592050686062592
519592111696404480
519592433282068480
519595978207141888
519697539310694400
519697836502298624
519697929481646080
519697971454033920
519698098424008704
519698445536202752
519698696707903488
519698756623560704
519698756468371456
519698801204797440
519699855472476160
519700529258037248
519700969907425280
519701300649279488
519702002624770048
519707407593652224
519715459512295424
519716167963799552
519754895100891136
520016622804025344
520028669805621248
520041771645276160
520043549916545024
520070598329114624
520092351537373184
520093259620954112
520236255079305216
520335497248661504
520431695049555968
520492734126522368
520612562946510848
520613734017159168
520613850547486720
520613906629537792
520614449481531392
520616003244675072
520623863567511552
520858507982405632
520936399043059712
520937434235023360
520939655500668928
520939857343184896
520940159463088128
520940664541184000
520940669209432064
520940781151207424
520944240017166336
520944683359698944
520944801538387968
520963745099812864
520967930784518144
520985561927278592
520994080005046272
521300612789854208
521322432951750656
521497924979945472
521499086839877632
521500247583780864
521501416976691200
521506214895964160
521509172064837632
521513595633668096
521514698982699008
521537085136986112
521537240770826240
521560260801490944
522232772887580672
522234217871441920
522356708644241408
522512928923455488
522513454583005184
522513842580897792
522514104125509632
522515197605728256
522515980690284544
522516631084601344
522517388198432768
522521139172896768
522591469602078720
522593790331482112
522599833522405376
522846138366324736
523143767625580544
523143839474012160
523144587620397056
523147586673598464
523151209302347776
523151680872144896
523152459666305024
523160421680050176
523166748527575040
523171139783507968
523236521483464704
523252121022771200
523459624507568128
523597554039406592
523762183222476800
523854960027766784
523855144501673984
523855328874889216
523857028566249472
523860015258812416
523917934503419904
523974501558935552
523991248341061632
523998443485011968
523998540708978688
524000508747329536
524000819364904960
524000846313689088
524003886433329152
524035748887273472
524046213000470528
524098237125259264
524180855292710912
524225834006368256
524237705895747584
524319880305074176
524322162518159360
524346918915543040
524476307191910400
524626267015221248
525281791792660480
525300935669858304
525305775082995712
525307716060069888
525327227630923776
525607850199248896
525617561753632768
525642165863854080
525650261554266112
525654179335790592
526019833067220992
526083660718825472
526084005486403584
526086350458855424
526252582751457280
526387978583945216
526389449924419584
526391604135723008
526397259504967680
526402643154178048
526425917569388544
526453471869173760
526461947169222656
526462413089296384
526464497545129984
526466522789982208
526485991654453248
526486564533059584
526487808828260352
526534980105949184
526551309303152640
526555071912607744
526575442065907712
526575654847143936
526578450576846848
526640333799428096
526670590170910720
526780240350429184
526799377688707072
526828251214528512
526897955333488640
526915009813962752
527012027999731712
527027346575216640
527106097199714304
527115918888169472
527116012106559488
527116117702361088
527127774423969792
527254190306127872
527271877002010624
527331246800916480
527510460359540736
527806588955148288
527808299849494528
527824670116941824
527832812838486016
528623270514659328
528623971592593408
528627654459916288
528641755651276800
528890022939070464
528905235297992704
528905289178025984
528926943161626624
528963975422414848
529042482970243072
529043366185820160
529047269983543296
529048485455495168
529050951156785152
529062335449952256
529116194574729216
529281141006942208
529292194189152256
529356023858216960
529360927196741632
529370500783685632
529394599886737408
529689067555135488
529690011885899776
529748920122228736
529852061966684160
529855427996286976
529855617918574592
530071599693570048
530071873632354304
530262964184428544
530384753183444992
530482389060165632
530483763030282240
531075240718520320
531145335385907200
531283512155209728
531311025396916224
531445503712854016
531468669487177728
531470991021858816
531495093836861440
531581164147208192
531600965842243584
531610645276672000
531613937918558208
531615152664481792
531616039306792960
531616077974081536
531616147935084544
531616593717891072
531616670360821760
531621301774209024
531622798515777536
531649020427796480
531836409930588160
531847494624641024
531870846647009280
531877792385101824
531880150313750528
531916928055775232
531949147398488064
532017497504243712
532122115617873920
532563480260665344
532734046309462016
532953637996466176
533306139208085504
533306153288355840
533588457697050624
533686622080868352
533915295664967680
533989563556196352
534389679035269120
534391757086019584
534394108992057344
534399759055069184
534450289261412352
534584717887430656
534601498009677824
534606586354737152
534650130465849344
534703247152660480
534703585284853760
534704054283554816
534704682812600320
534788597594218496
534788755518128128
534792880494100480
534804532304560128
534804864262746112
534805317759283200
534805951921258496
534807869708058624
534808376883294208
534826110715187200
534876895352193024
534877535381626880
534877971740643328
534878111385780224
534878463644422144
534879392292683776
534879728176738304
534880012332052480
534880250644004864
534880435675725824
534882438942834688
534882505984573440
534883664279375872
534883795317424128
534883850401243136
534883966306627584
534885079617912832
534886071444598784
534896807810465792
535007333546733568
535008864320516096
535011807707287552
535077533235314688
535103444915585024
535105059697483776
535113924048195584
535120966767370240
535126870900371456
535127850089975808
535127857367113728
535128858849071104
535131912957075456
535198266540183552
535447933983141888
535469282562686976
535469522661441536
535470930429239296
535474881392283648
535483190623100928
535500737103814656
535619786215276544
535630015325417472
535824623062245376
535862695153922048
535865032861839360
535865913523044352
535868514855550976
535976239946022912
536014350415568896
536047722894458880
536252137106595840
536252546520973312
536296940590620672
536316916051505152
536392466396884992
536541317938311168
536557747308085248
536558136543694848
536564684946935808
536565777630248960
536575147051077632
536577081535385600
536594564375904256
536634861252255744
536644986100396032
536812845221285888
536813817830068224
536882789673484288
536958859534147584
536959530689916928
537220100273995776
537281808350859264
537282246773047296
537283520688054272
537283618792824832
537283737353220096
537284618144477184
537286734535753728
537328703102287872
537410858398515200
537410880934526976
537455761056874496
537456217267109888
537465504370155520
537548769340846080
537802432341106688
537803408204644352
537803653160394752
537810369239318528
537815849823109120
537816451764064256
537819891941011456
537961234453131264
537970634002006016
538006392918257664
538165100885344256
538524114647277568
538528150054268928
538735847278125056
538772744578822144
538945309704200192
538956558562906112
539178372824571904
539178681068158976
539185115260145664
539205941883707392
539253208322162688
539315265800912896
539503225725263872
539573999823765504
539854504888659968
539861935081013248
539865899361402880
539869516881477632
539917892213813248
539969333766926336
539991409575870464
539992471451627520
540112218088820736
540122674425757696
540123286475374592
540125545905029120
540138163357122560
540151057901703168
540153738691117056
540225358381850624
540250077487706112
540251825925275648
540252274447364096
540290669789872128
540290905438449664
540290916582699008
540291125429694464
540303790940114944
540303849790386176
540307049423187968
540344861346762752
540348551889694720
540372842605342720
540640389771034624
540640912561668096
540642802708013056
540643245173510144
540643391672164352
540643490405699584
540643514741030912
540644960954224640
540645311761612800
540645706524925952
540647289241747456
540647974599393280
540649703340511232
540656202372640768
540677544639750144
540677841021452288
540685000619073536
540685893221511168
540687916981567488
540703225268432896
540704914650169344
540923467055783936
541036964494200832
541610948075995136
541648264140161024
541667498685636608
541683175148515328
541684222977904640
541684927302205440
541685498876411904
541685568087019520
541689754061139968
541692058021658624
541695611385704448
541699889634492416
541729856430833664
541732467921940480
541734674238676992
541734975457214464
541736163669979136
541767276002050048
542012023731920896
542145115545153536
542158172749058048
542187889845895168
542216476791676928
542340025468604416
542694179219189760
542735595123253248
542736454884294656
542818604253982720
542835383504207872
542913709707120640
542913852237963264
542974432164065280
543069650800898048
543070531512455168
543070984962469888
543078452145176576
543093036922961920
543126589228457984
543129870633799680
543130293922979840
543131165259862016
543131493342924800
543132301388152832
543137308774760448
543218851950100480
543400106956185600
543411567350796288
543615050611949568
543621868612108288
543628273746329600
543634716063465472
543645032105136128
543761949180567552
543993511541239808
543994472254558208
543994482233208832
543996390578618368
543997882584813568
544000732891193344
544001962082336768
544063907208237056
544174901608071168
544185238940041216
544196078862893056
544196506920964096
544204664422793216
544208447122583552
544335763509628928
544519686109818880
544522359730745344
544538121509957632
544585362715443200
544586403754283008
544611132242018304
544699293178028032
544868309183627264
544950278114775040
544950983454113792
544951424195780608
544951802081607680
544951897602670592
544952581400039424
544953235979898880
544954483797929984
544955132220542976
544956046415241216
544956536536436736
544962732412264448
544978496661893120
545073870412476416
545074372093165568
545074483145748480
545074819281063936
545075479586545664
545077143714004992
545077583239335936
545078220018556928
545087886027415552
545092606313897984
545121484113735680
545123121141780480
545127766291922944
545179313314594816
545195599134720000
545197064821669888
545201398498213888
545395132477235200
545395774419632128
545396903803097088
545396993137180672
545397369232052224
545397877174849536
545398040639860736
545400067977674752
545404125757079552
545408885692329984
545411257986449408
545429633219690496
545452368192884736
545548784751878144
545575185131520000
545584215535149056
545585158255304704
545596557455032320
545619317178781696
545620368908910592
545698726271258624
545801318536073216
545801332033327104
546084184876658688
546368996745175040
546497956099407872
546700193673261056
546701649281302528
546703028745953280
546721879604879360
546722192558682112
546727559506178048
546728393111515136
546793354357645312
546860332573286400
546860370296860672
547590672929521664
547866678726385664
547875383249346560
547883155013652480
547885189431840768
547901260981338112
548112892063920128
548344826572570624
548687081233739776
548861584748343296
549421769162244096
549449401820012544
549567501370392576
549735691127906304
549737762346524672
549805623572172800
550109910768566272
550151602351263744
550382724230692864
550434703774588928
551224497605738496
551410597863378944
551415710069829632
551471496817029120
551482542344646656
551491196808216576
551507141534965760
551508469409677312
551508898621169664
551509352532938752
551511233908969472
551518213390217216
551544576029106176
551576866830950400
551581085969051648
551584731398414336
551584856120258560
551595043887521792
551600675834978304
551670704471822336
551781294217375744
551819222847070208
551837932936785920
551875317183168512
551875921972830208
551880639415599104
551918559195316224
551919978841374720
551947633687007232
551954467013144576
551955136806150144
551957705616011264
551964120300650496
552093857546911744
552187801606041600
552198309226749952
552443887399469056
552443995100807168
553192936314507264
553244737583718400
553244785558183936
553252232645591040
553252477970448384
553253529599868928
553254112750751744
553257104363225088
553272347281465344
553738115001888768
553970805068288000
553995583846096896
554084184411873280
554746694433505280
554749828685918208
554868004518105088
555084439982997504
555418751152422912
555548626056142848
555556144555786240
555556143536173056
555556808291389440
555560561820577792
555594798997204992
555683752274583552
555691681501437952
556417978703839232
556484072298799104
556668786745810944
556669190225276928
556721450288029696
556864110303150080
556867840335441920
556868488359579648
556871719906836480
556881396757958656
556881700018728960
556903884644708352
556922480544481280
556927110582116352
556927245235666944
556931336498589696
556932403797950464
556944358847811584
556962508100358144
557044388199948288
557205900650631168
557206093332742144
557206608858869760
557244558044823552
557349468056875008
557363264989196288
557562740488024064
557596142889099264
557597169658888192
557607841801203712
557624640659410944
557642679073636352
557642840919244800
557650110948323328
557655529347379200
557659598346551296
557664653262995456
557664946138660864
557665051197595648
557665652132306944
557668024996884480
557677541298016256
557678239754485760
557683204401156096
557684476743266304
557724938346696704
557735788558155776
557936835662741504
557998323073044480
558295177954336768
558304113427902464
558586700138807296
559064608103604224
559368408350093312
559533054960492544
559540486617055232
559552321806290944
559563042057240576
559563069777395712
559619259660533760
559693244280233984
559815158978342912
559816089543385088
559822146923671552
560117983365058560
560118431832608768
560119831044034560
560141162317901824
560162375920521216
560166674641739776
560200202095984640
560833362743812096
560848894137872384
560892088330772480
561235147740430336
561235797442310144
561251573591212032
561255001017028608
561666877978845184
561666948967448576
561730530983821312
561898703968296960
561901210383699968
561901478303244288
561919677308608512
561922766794809344
561967094540279808
562016350802313216
562029548947398656
562029693629911040
562029761674108928
562030363854524416
562045079935004672
562056297311248384
562380440578039808
562389953225969664
562394896045457408
562405224980439040
562435799690780672
562483731689377792
562502316495228928
562784905055461376
562785665310793728
562786060019990528
562786197156925440
562786869436755968
562787841059848192
562808093369966592
562809062233239552
562944990184484864
562957154874036224
562979379958251520
562979472451055616
562980158228156416
563021272251367424
563023286557491200
563085392585715712
563131178409283584
563916529222574080
564603896384200704
564604024172060672
564605891740454912
564605939710717952
564606262961123328
564606580176715776
564606860268146688
564606897089548288
564607519633334272
564608900750901248
564609217836109824
564610568569360384
564611471368155136
564629577620664320
564748509346140160
565144858697154560
565148995195256832
565247090310533120
565259610022756352
565260119651651584
565262597449334784
565266443722555392
565267617909600256
565278892001603584
565331873686364160
565361464362672128
565364014893768704
565419086621208576
565682528171069440
565686447303561216
565701312525131776
565846340526428160
565960626460426240
565960809520828416
565961803671543808
565962372276555776
565998026750033920
566262188332318720
566273697611530240
566296689548746752
566300139858722816
566301169468047360
566303409951629312
566308422606663680
566308642220412928
566367566759620608
566635994737545216
566636710482935808
566673566897565696
566676093214949376
566678360986624000
566679470334308352
566679564475432960
566738136810926080
566738689695678464
566739082118955008
566740068015300608
566741065844400128
566789460160172032
566795615888506880
566805943556775936
566806182669873152
566806199878680576
566807211767504896
566807794389508096
566809343325003776
566811804131524608
566813768794243072
566814432123424768
566817258220298240
566817476470915072
566826024315658240
567014450796834816
567031259357249536
567033021480443904
567044157475393536
567096649282244608
567237187587309568
567485582218371072
567552195575676928
568037420727463936
568074183042682880
568144297649963008
568505094339227648
568878207396675584
568878585659973632
569209284287995904
569214505411948544
569214775919386624
569295059490885632
569471075144364032
569542155686948864
569554931843244032
569557208784105472
569558504387817472
569560080200249344
569565459172888576
569569882704105472
569579805747879936
569579911712788480
569581669658824704
569581677762080768
569582032008978432
569582975874179072
569586924731568128
569589048689487872
569598679591432192
569606058227990528
569608723846578176
569617992004153344
569624500880453632
569635056844726272
569890822545661952
569897105499824128
569905249869295616
570087769692872704
570089345358692352
570137497302392832
570233937345306624
570609580658569216
570957178259050496
570989266848915456
571217520822226944
571217799290478592
571475332638908416
571475536754696192
571480850078011392
571526953817284608
572072961336860672
572098432304852992
572104215931322368
572107840912928768
572112352704765952
572725630023806976
572800828316250112
572846553628594176
572848138790277120
572850850151960576
572882595882508288
573555623868170240
573566671023136768
573917469527654400
573917920461516800
573918456585850880
573918967200268288
573919982687490048
573921812351881216
573936497067327488
573939967879168000
573981727342919680
573991816900509696
574036905332858880
574243422527225856
574245946554466304
574251246221135872
574251524337090560
574252749094780928
574303688434585600
574436456975888384
574515542255616000
574762102839209984
574762371819896832
574777342309990400
574786768614092800
574936040751906816
575063761578496000
575065141026422784
575065735061360640
575083475667140608
575088747454328832
575149409186402304
575178967717650432
575319508769988608
575337738490146816
575347386706493440
575381566576332800
575619615759409152
575822545493979136
576135326919323648
576366835588861952
576407049300537344
576413688313286656
576530729753939968
576585067264389120
576841302710571008
577280717773774848
577460987193741312
577504935849390080
577519449856700416
577781673011625984
577867833146798080
577936732307505152
578687703333613568
578688989282115584
578691830893711360
578697389604737024
578720980769513472
578968284764217344
579315020942712832
579634596486189056
580503735991926784
580507213594251264
580577831362654208
581243919553454080
582654017953619968
583107045383118848
583110900632059904
583117620800577536
583118386227449856
583151248691503104
583659038128222208
583840645447417856
583945043582529536
584007387985666048
584023966529916928
584025379762900992
584555066406866944
584560533954625536
585134285511925760
585155565233512448
585174906444374016
585175722769129472
585177351606108160
585182240310591488
585362021685800960
585544514082906112
585547033148268544
585646327633211392
585683956961566720
585891917453402112
585976114973122560
587213000374890496
587783022860173312
587783533885792256
587785316934750208
587791300742803456
587886433827971072
587926202209415168
587975292444139520
588014892537483264
588044603661516800
588092189378551808
588393206515105792
588395558043172864
588705172555173888
588707873326247936
588715660835823616
588739159453466624
588746003387326464
588808761940123648
588871751137894400
588899610715758592
588912715952824320
588924343045992448
589110274004807680
589110347568652288
589161166997430272
589162105925959680
589172878173691904
589442346258956288
589444290927026176
589672293711785984
589924929405083648
590175722393710592
590179503504117760
590219323307913216
590231844534296576
590266094360756224
590473253820444672
591308904006549504
591415919705980928
591453605879816192
591598478415028224
591627478768214016
592420247207944192
592919203943813120
593315279062568960
594536853702774784
595569865873821696
596129001770450944
596176845847953408
596353398590611456
596353436876218368
596503478744285184
596504770300551168
596740850811547648
596749699392077824
596888309319790592
597104077097607168
597107856819781632
597861400619393024
597861591405703168
597907104632967168
597907103949402112
597908570341023744
597931876968464384
597932403030536192
597936321022296064
597946977066885120
597977073865641984
598017101199187968
598021088128401408
598091644211208192
598127907416989696
598128606066438144
598129772292628480
598139476263772160
598143073064001536
598153260021653504
598173372116152320
598232411890122752
598553037754474496
598555003033387008
598655461865426944
599417404498780160
599417430033768448
599719220763561984
599768636639858688
599852270260527104
600022936356007936
600382381627985920
600733656030646272
600854982099914752
600860985973280768
601110953556574208
601416057665003520
602865788865912832
603071872129990656
603221286232465408
603931623546101760
604260834487967744
604369880876371968
604730744649433088
604833962855407616
604922566558556160
606972595951575040
607255851854909440
608284112944660480
609342726962839552
609710382484180992
609736395935084544
610467726960775168
610831047538962432
610834423022518272
610835730055741440
610848023502041088
612127815375286272
612281161700769792
615812419474972672
615849939021791232
616055703279652864
616058637602045952
616159095754727424
616188883911446528
616282231993184256
616336858784641024
616711609302454272
616812891002552320
616817964327698432
617005202533564416
617297255779807232
618048087261474816
618101560728514560
618184201100206080
618200444427350016
618278315606978560
618613345495699456
619187292867989504
619324425528307712
619384093503963136
619394547957792768
619502895545851904
619983197602840576
620052864845660160
620090125788254208
620090142238343168
620123005201575936
620153661654728704
620227121584017408
620238662182289408
620327304108093440
620332687421739008
620434553451212800
620755208377925632
620757767041720320
620849172036648960
620978221392207872
620978274185953280
621331221939888128
621510253365055488
621510267961217024
621612441995120640
622103398683418624
622105014870388736
622255893615284224
622262378437210112
622384185014140928
622431841736359936
622638370750091264
622886421079179264
622939331032801280
623181995888148480
623241953765949440
623245900278837248
623246002154303488
623249549885313024
623261571465150464
623270131209248768
623295332227616768
623295464067198976
623305221775593472
623332811152445440
624278113598459904
624278450027778048
624290843499864064
624290914505216000
624296112938217472
624301247944896512
624317669823528960
624326885984485376
624367709862645760
624373190098333696
624374462310432768
624375190554845184
624376253915774976
624392436987658240
624472149881954304
624601970892910592
624632353260982272
624688443541594112
624906649904541696
625353509186224128
625358068675702784
625431527850119168
625664595089358848
626146031248478208
626946467928735744
627286061266415616
627503000613974016
627504393525567488
627517872290557952
627518625612591104
627518733129379840
627518919704748032
627525092889657344
627533544819068928
627557964921106432
627620602241773568
627830144791642112
627830624636829696
627857130444427264
627901125929254912
627942617037148160
628069114926493696
628272997770600448
628279979596509184
628289501228613632
628411415347494912
628435174158536704
628678952610041856
628683188873900032
628686586948005888
628687920732504064
628692689651933184
628909279878090752
628939371065028608
628946829321850880
628949782350954496
629058147328618496
629231702368514048
629306236916240384
629406785049391104
629475729932197888
629475761695686656
629557856367460352
629775307793399808
629849144509771776
630307659359629312
630427108922290176
630427637215854592
630431240177512448
630443959492460544
630780338378305536
630780979699957760
630781777272008704
630782127605465088
630794325279031296
630798793127149568
630840111853379584
630842497992888320
630845143239794688
630863478526324736
630881045114585088
630884464932093952
630886044494364672
631104380176084992
631125261715677184
631128952417964032
631136318005866496
631175008845471744
631278417204412416
631471232412561408
631530294957490176
631647230651461632
631680968391192576
631958062887251968
632250142008193024
632272989539725312
632273037639991296
632376401958686720
632396438891274240
632483500847972352
632758302879952896
632981182133702656
633004259890622464
633095729582575616
633096061679222784
633096406035660800
633096605630132224
633098401404456960
633101412801622016
633148070583234560
633681234510675968
633700186691358720
633709433915355136
633746123421646848
634017193307557888
634369139679870976
634373645733863424
634374916595449856
634378099682115584
634410961344950272
634842727792934912
635117549638787072
635252756182274048
635414432496132096
636738174606278656
636766674004377600
636876135905800192
637018141755863040
637191304766730240
637436684884418560
637606857130012672
637916020242419712
638085170789224448
638273801986437120
638737290135666688
639118389814935552
639452026179444736
639494246182088704
640016640617287680
640183440978145280
641466687976525824
642711836857602048
643501355076845568
644527500349935616
644999945666306048
645219499449430016
646472870080581632
646763771441098752
647459992262545408
647460016757317632
647460502692605952
647461330111348736
647461747477975040
647462051468734464
647462683554508800
647462860591865856
647463032075915264
647463563418828800
647464501076488192
647469487973892096
647513276729937920
647789593605992448
648611619514265600
650444872994942976
650645492322467840
650814431174201344
651244600917630976
651435366831030272
652511602391031808
652514237080694784
652519154520616960
652527792073109504
652528721476349952
652529639810801664
652537082552918016
652547467091791872
653728257892843520
653729103510642688
653744621315563520
653921551100837888
653923083854725120
653927032041119744
654674597300670464
654863862274084864
655538202745245696
656602087539781632
656739165418205184
657467264841723904
657591851378155520
657619898202509312
657970399641214976
659860905472102400
661226587615059968
661443251195518976
661487138240897024
661920798198923264
661934628584988672
661992240919789568
662245973561892864
662256958754283520
662720322538377216
662725683659960320
662736696279089152
662783763286507520
663747848949866496
664065566441914368
664065736198004736
664072064047980544
664092840591499264
664231397977030656
664265455905976320
664268780009295872
664273308104450048
664310400939261952
664406959836262400
664407517510811648
664478655305895936
664479743069315072
664481483952910336
664482297425604608
664511743356309504
665938728251060224
665980797699031040
666023898194931712
666308248480423936
666346922194550784
666441718812643328
666443506747990016
666765366694137856
667023132457308160
667408732746326016
667536658766671872
667867652665266176
667868685827235840
667871876019060736
667902829135310848
667903310007959552
667904151054114816
668025306452725760
668088577209835520
668551520301015040
668570166700015616
668581917051195392
668803930613223424
668915999698239488
668992818245832704
668994013651857408
669212047540887552
669566638442864640
669960433499901952
670629487101517824
671012353417302016
671322721637285888
671322745116995584
671323402406359040
671323524934598656
671328535060070400
671349959334195200
671506710641668096
671518148839923712
671776830068826112
671777693709541376
671778213312335872
671806593504165888
671960078472343552
672063764527730688
672578580904329216
673198709576892416
673258091585105920
673312462725373952
673352096075395072
673529834010750976
673532983941402624
673551181881458688
673554342373363712
673555159562264576
674261349770358784
674995091455483904
674996725841547264
675007177954861056
675008175372898304
675160188043845632
675168068021170176
675248466482864128
675364831751512064
675397354208497664
675399172606984192
675403791580139520
675406330178342912
675766806502580224
675770742437380096
675876466987507712
676075292436406272
676077890694471680
676101650185101312
676775809437274112
676785215528951808
676840545344290816
676917099818807296
677180904461180928
677191523709157376
677343498132156416
677403328486219776
677470866595315712
677575645380141056
677651498449399808
677653487535157248
677668240378699776
677669832406515712
677779686253076480
677895516131315712
677907041990615040
677969857179185152
678236847923941376
678240047993389056
678445558692978688
678498396634787840
678660907879301120
678687834694410240
678696000203194368
678697040776437760
678760318034698240
679004864169582592
679324052754997248
679324074225569792
679402394715742208
679521008093655040
679521064590925824
679697662996811776
679889968974544896
680035985707540480
680350942882050048
680878553387282432
681854205544411136
681854544150687744
681861507701956608
681862683054870528
681864567102783488
681865419351670784
681865681646702592
681865741881065472
681866749088821248
681867044111831040
681873027882172416
681945197815709696
681970371847917568
681970957834035200
681972078577205248
681976848012546048
682004785944330240
682005999683698688
682007203725705216
682009492322562048
682009575772454912
682010194839257088
682013799147159552
682018806252765184
682068528757866496
682169832226304000
682309939570806784
682311500040663040
682513142530834432
682592718405668864
683032028225368064
683109728420007936
683979790819430400
684417072122703872
684464848550424576
684464953403817984
684485729360150528
684622767157719040
684748945092927488
684850674463584256
684855091795472384
684924223970738176
684924339070857216
685019502954807296
685064205897170944
685154293427482624
685156350469476352
685167802479718400
685298344701345792
685487502703104000
685488042019319808
685495827230552064
685554627081842688
685678421964419072
685791459967107072
685842526796922880
685850355259850752
685850976570490880
685855313120104448
685865004013350912
686046280339079168
686231779179630592
686232692090863616
686233046052409344
686292510377902080
686295782702628864
686457417652121600
686678949901037568
686743823377141760
686766264862269440
687008844870987776
687066261382152192
687217093893296128
687283720718540800
687306751239176192
687356542597738496
687368613536370688
687369659872624640
687370746641952768
687677003831619584
687679748722573312
687679903374815232
687684607353831424
687713201916612608
687856822515032064
687857889613082624
687857952506691584
687863925552054272
687863982724657152
687864009207447552
687866755616735232
688221705366405120
688404571497058304
688410661341253632
688410745495748608
688411870345228288
688413025645277184
688420088362471424
688421948100096000
688461943976411136
688467266841751552
688472367006400512
688504982786691072
688535462382825472
688554921893998592
688561301300375552
688656057560879104
688711217498734592
688763116302299136
688849424609587200
688880039782293504
688892985270996992
689209377212002304
689237015716581376
689424340895432704
689498019020976128
689509085381824512
689650862298365952
689671063538667520
689929742263422976
689953897490862080
690197969702916096
690198051386978304
690394756795535360
690608233380237312
690608903541891072
690783460852629504
690783498001633280
690882725457367040
690987556931014656
690989492711378944
691005491091279872
691078233777905664
691289253100281856
691289295462797312
691293829509582848
691294015715577856
691423004455256064
691427523884924928
691428495663050752
691428650084888576
691429878260981760
691431142323544064
691474713017749504
691758103784787968
691758359951904768
691758529615560704
691760675631267840
691787392412442624
691846378327314432
691858275311173632
691860122151317504
691862778395652096
691866447262433280
691893267072466944
692129079387144192
692147842807369728
692148105140162560
692687233502072832
692755409023545344
692802127320760320
692802395399675904
693234984203714560
693472273047654400
693546521447546880
693549172113342464
693904373466923008
693904483676508160
693923492731949056
693931837928902656
693943128005427200
693946062059479040
693950358494679040
693950650464342016
693982145489059840
694156935717896192
694265443519954944
694288792363143168
694290259333480448
694290556093095936
694300580475506688
694324825607774208
694353896718868480
694416436333297664
694751677677707264
694999321801048064
695245579585200128
695379392332083200
695643736555065344
695666758984843264
695731540685385728
695733047401046016
695734889988096000
695742323876036608
695743617529311232
695787642877820928
695789757297725440
695810952608940032
695813138122461184
695815201640189952
695837198554435584
695848968291377152
696053353952976896
696364542138454016
696681304499294208
697057624643080192
697205302710636544
697418544775041024
697547515642646528
698023641586339840
698175402993414144
698178966209896448
698566014007701504
699268669445115904
699269127953899520
699271226720653312
699271271591374848
699285980075986944
699286088838471680
699286129032437760
699286273798713344
699288498503868416
699290985772290048
699292129869205504
699294192594350080
699294233539305472
699310721859985408
699396440825593856
699447687461146624
699585837953064960
699630024488525824
699630166365114368
699698011069358080
699811526014685184
699889081455656960
700006298629251072
700553799283249152
700554395419865088
700555427935719424
700557261408772096
700572299385249792
700670434753163264
700739774554832896
700921641174487040
700984946891104256
701078427290435584
701097237389115392
701101328630677504
701114454524751872
701376137189007360
701447346316562432
701463010565607424
701478632930332672
701542273885085696
701750659754942464
702142896175247360
703375220309098496
703415140163698688
703618272978202624
703630213553528832
703631175651303424
703631291804213248
703631844638638080
703632359896133632
703639611784957952
703641614607126528
703989185498247168
703993820262875136
704035623838064640
704042032512290816
704050257102032896
704129848638382080
704130367339376640
704159907013070848
704161629747990528
704350428721451008
704420389410177024
704489798740938752
704490147140734976
704567654569394176
704576484594294784
704577274813636608
704577494523858944
704753126822301696
704791761005232128
704830236127588352
704834862822379520
705885529468960768
705948776297435136
706160764315369472
706160779838537728
706167015292190720
706190069749714944
706227166204170240
706251815638147072
706300775903928320
706384699908816896
706591284962697216
707203925494120448
707204850963058688
707212005778788352
707223686118563840
707251758553305088
707332886106656768
707332894872698880
707418095908950016
707587080101216256
707587371433390080
707588899103711232
707949234465710080
707981421948899328
707985078165643264
708121706934767616
708303809374720000
708325529166938112
708328885851713536
708346261150289920
708346692421230592
709031788929224704
709042532190179328
709209315215679488
709298854424928256
709441108535808000
709809480167510016
709815114548047872
709858155983998976
709880984175423488
709896991187324928
709940573063548928
710177753035907072
710180699131744256
710181365820559360
710187069377781760
710223788378595328
710355042012938240
710461226749444096
710860747996172288
710912107890475008
711090743960539136
711375031767605248
711376690031812608
711515464707477504
711674725941055488
711703240178589696
711704591629492224
711705191330893824
711706842305601536
711708099082461184
711708723530620928
711709086379810816
711709187231846400
711712060183339008
711712697415503872
711713140682186752
711714353188347904
711715268830097408
711715490981347328
711716260711690240
711716270559862784
711717140974338048
711730693030744064
711771542040883200
711781522907336704
711790183356628992
711897350428614656
711935564715593728
711992642058457088
711992829313163264
711993207379337216
712001273797554176
712097206996705280
712099412298883072
712423236609437696
712423825514872832
712424048253390848
712621932009689088
712654107794935808
712657566342520832
713367591037878272
713434187609583616
713434572705411072
713435518445490176
713741551621566464
713742327458750464
713744935678291968
713747017315577856
713850810371706880
714118612219535360
714119200239980544
714426808649777152
714470545677488128
714587545569521664
714587578159276032
714785164807811072
715201172634779648
715288974223417344
715292569136197632
715293063162294272
715293161803882496
715294086685523968
715299141782364160
715369128186359808
715517356328546304
715936496918904832
715937762315268096
715938380375318528
715993859973636096
716155386248708096
716674771694587904
716674812215689216
716677578589921280
716685829481992192
716686902577856512
716708190566662144
717105098128797696
717388592465752064
717433807255769088
717438979008761856
717439892272324608
717661863132180480
717750195832950784
717751509073551360
717883982822707200
718555122981281792
718586090572103680
718799237568425984
718871327428517888
718872303052795904
718874657244475392
718919079101390848
718919353924730880
719246795126284288
719333214729433088
719340868818186240
719357747142246400
719609942471217152
719611503490560000
719612854693994496
719613500809547776
719620685581139968
719758115390906368
719870050405130240
719923988768497664
720042762121453568
720736697143533568
721468161464385536
721686729229537280
721686834833727488
721794886693949440
722601825589936128
723843188218277888
723912431718817792
723970531523964928
723972915700588544
723973682314547200
723974665501310976
724016603994583040
724018746189307904
724069369228075008
724350308239982592
724352813967511552
724356822279151616
724357965227122688
724359490343211008
724359633046003712
724360327442341888
724364260550303744
724364555116154880
724366347807821824
724366717359632384
724368454258692096
724368588803563520
724371010842202112
724371272952610816
724373052717457408
724376510958833664
724466609566306304
724513347480121344
724641804964999168
724692908033605632
724694026553810944
724717317142286336
725815735382102016
726275752988020736
726739595845578752
726778998227918848
726779237768769536
727130935246905344
727131712015183872
727154546645016576
727167059008827392
727275102736371712
727323393922461696
727489421507973120
727658258392092672
727658422972387328
727721255428837376
727727225940873216
728199964942336000
728540317054599168
729010751143284736
729016836537323520
729066690391121920
729373747032010752
729426730335768576
729558142183297024
729563247012134912
729715264573558784
729718610269196288
729888704031039488
730407933889155072
730932441733562368
730970055522058240
730970240176152576
730970832277782528
730971735659417600
730971901615542272
730972003805609984
730972215118692352
730972333326786560
730980344267214848
730985564300816384
730988559398764544
730990374714507264
730990968313380864
730991918872723456
730991986631573504
730992609263538176
731018381328011264
731033241034063872
731090643204866048
731091357297709056
731099889468313600
731160237537792000
731172396628103168
731172471391555584
731202372559638528
731882043248914432
731931925896515584
732460047599468544
732602294286573568
732603041816383488
732645884475940864
732645947356942336
732647604715147264
732650994488729600
732671851206348800
732676505357193216
732910905806163968
732917242250309632
732991034569969664
732993627383861248
733314251155181568
734078036027551744
734371876374466560
734858305399627776
735317574859292672
735946772325896192
736541044117012480
736569169165070336
736670287941505024
736721675367133184
738508631373664256
738509696856915968
739229593513689088
739648826865123328
739653369866768384
740294981395435520
740301969437405184
740367107465023488
740377573557972992
740397681550458880
740776079313539072
740870792427212800
740918290634018816
741252302829391872
741336160761417728
742109129980977152
742390750441279488
742717518595362816
742756440595648512
742784192111640576
742784358013079552
742983351674544128
743095680026193920
743097578762424320
743214127666036736
743214488434937856
743235151866499072
743235167796535296
743385508877864960
743502453384052736
743530880522584064
743602898861436928
744265813796995072
744942988145659904
746986190532927488
747014207011459072
747855453141491712
747874583873789952
747882758911983616
747888623639465984
749119716019597312
750516417422880768
751798628713394176
751814228089180160
751814249631117312
752087521253814272
752118499766599680
752251093866975232
752688784014209024
752979894603223040
752980029227827200
753415815068692480
753612424956313600
754326200730914816
754327631886225408
754327671220346880
754329046075510784
754682799303561216
754692397204897792
754706282985168896
754706333195042816
754722873856630784
755013381363466240
755127112579878912
755129204501381120
755132557604171776
755145412504330240
755979014024601600
755985336497496064
756822362075570176
756835080358731776
756835472169664512
756840473084436480
757246202643644416
757249369255055360
757272399335260160
757462812432207872
757635022165868544
757635482738106368
757636628672286720
757636702999543808
757994919344611328
757995925205839872
758017567994761216
758024352713543680
758333801533730816
758335783484985344
758337044737318912
758428751583641600
758487045018877952
758655839649554432
758662160935419904
758665665905557504
758731664113618944
758736874441576448
758737560252194816
759062222714920960
759063933877522432
759284009637666816
759369910200000512
759691196012769280
759753748478558208
759769806962880512
760063985576206336
760111847005679616
760140052554997760
760190009370640384
760191586743513088
760210246392508416
760399789146202112
761006877232795648
761215741739823104
761215999437840384
761574951614750720
761976198935216128
762663761832534016
762729860276035584
763186672574095360
765621571243343872
765621598451863552
766248769578995712
766631842657234944
767758905778827264
767760268730458112
767777203337691136
767782595614613504
767785625974149120
767785718001311744
768231039219171328
768880842781421568
768880937098706944
768972959847424000
769001352533913600
769033461000769536
769034255699771392
769146869205327872
769663924555907072
769895759315623936
769895774838726656
769896864376320000
769896911553830912
769897528926019584
769897627232141312
769983111031554048
769997456889217024
770023632563216384
770051028402204672
770051634932088832
770403697142730752
770545481730711552
771434214675746816
771435046658007040
771437490288766976
771496692420005888
772555956639109120
772557375408640000
772719060685643776
772794344659189760
772798399544496128
772834036179927040
772905121965629440
772962823404154880
772971494372679680
773962703194947584
774134637232664576
774468267947626496
775808056458444800
775846437477158912
776064476172779520
778863655161040896
780753459356241920
781564280172781568
781594417450872832
781594453576409088
783648623800221696
784348260626337792
785641021627510784
785952708444368896
787887797243817984
790829873489149952
791242715459497984
791724529588506624
792400064085757952
793910178328567808
796536323385552896
798384020002177024
798944303628353536
799045138697818112
799440120331964416
799441775383511040
799442749934047232
799449823678238720
799455573632761856
799643502531543040
800032654817116160
800450752300904448
800451092333166592
800451189057982464
800635459848110080
800674867964211200
800828750866706432
802735721224146944
802737202304286720
802748722127851520
803010347300888576
803789044744392704
803789788830691328
803807156940210176
803808700712583168
803816435193643008
803823197212774400
803869327225143296
803869728561332224
803938185327755264
804011346102775808
804356659850133504
805112388357918720
805125991777574912
805131127530917888
805176450454265856
805616665505447936
805641319465025536
805906911308681216
805917562043179008
805919501397229568
806190602861871104
807352295436468224
807356608707698688
807356782800736256
807370153931526144
807452134040027136
807453561672048640
807453559902109696
807454436964651008
807465579292557312
809131941324849152
809801248656490496
810414653868220416
810602879589502976
810928487863349248
810963414612869120
811422048140541952
811642036789145600
811642067076026368
811648643736412160
812377325945831424
812419229978923008
812483214316969984
812571160856723456
812678268235186176
812679246032371712
812827710477176832
812835065772187648
812835462029058048
812992740925521920
813013031076696064
813031998780477440
813813433275678720
813952790435418112
814009980785491968
814034856493490176
814048011856781312
814052139450429440
814477713998315520
814511544595841024
815644242202808320
815718286323224576
815998840436363264
816004451534303232
816008598136508416
816012963396145152
816017822895788032
816019448477941760
816024718188810240
816027856857956352
816046682399997952
816052024882110464
816052448720732160
816063730232410112
816063876185944064
816070265222397952
816078974782738432
816091030672080896
816099491153444864
816114765785247744
816163712239333376
816181504166559744
816236166043287552
816239586280112128
816246380910051328
816320247909253120
816352542573625344
816399054540251136
816446081076596736
816591828673818624
816637499061596160
816772581072191488
816974898740469760
817073274064617472
817900795555434496
818139715647979520
818140047904010240
819656857329532928
819671995499610112
820000142635962368
821980390835548160
822396101542092800
824113498120523776
824439343855128576
824603421214904320
825006410274480128
825007514639011840
825014566316695552
826429128723296256
827897223518253056
828653374841184256
828770224933654528
828838682408939520
829005658318057472
829490953052385280
829539885358923776
829566213277749248
829692533202620416
829738959987208192
829774061454651392
830338818876268544
830485983103709184
830486512152281088
830487869861031936
830488510922633216
830488927261843456
830514543742820352
830534313003323392
830549577220636672
830724620915470336
830796670900248576
831151873025568768
831158303845732352
832639732769239040
834869541868019712
835280596830203904
835666068010041344
836616116323684352
837342729864634368
838017305250496512
838515774117539840
838803575413309440
839478460905107456
839478816498200576
839528381586747392
839736926261415936
839925642749685760
839934839931428864
841380146779213824
842003848378101760
842491662844747776
843452304024092672
843955282426380288
844017722828750848
844212931491520512
844886342530224128
845359042373541888
849248069925339136
849255862359248896
849256818836721664
849310437544001536
849311698263711744
849339562002452480
849432876227670016
849449694673731584
849696209036095488
849973488609890304
849977453481209856
850250101230456832
851095618441367552
851133140869550080
851160492399882240
852978565423538176
853117166882783232
853650688009752576
854043917158887424
854074289863176192
854081535066222592
854136976517320704
854137288179232768
854169333320253440
854246376959561728
854260272764268544
854282772940292096
854314107775877120
854397494876418048
854574847552352256
854715395869224960
855406291228827648
855416124338393088
855499283335966720
856669423372910592
856700873791164416
856728586652340224
856942788948176896
856953664560402432
857047249137922048
857970779018989568
857974896491732992
858861655807188992
858895989956104192
858923810753400832
858962057420525568
859080222108463104
859165550974554112
859497179970514944
859509194197786624
859929159744839680
860042107884519424
860251900469538816
860418930585640960
860557382698643456
860872167948529664
861238151960043520
861292211329265664
861292491047391232
861292861219893248
861317591448662016
861332894278725632
861340407199928320
861371206422810624
862391048781385728
862392196015706112
862449986746896384
863221557145022464
863221568507453440
863457758250717184
863469888890961920
863470099516338176
864079878949396480
864227613988052992
864293091104006144
868149839024066560
868150303690035200
868187330112356352
868845284624879616
869610944611090432
870670211090972672
870746946734088192
872248386912649216
872507903978209280
872507954221764608
872512215202529280
872554303420076032
872561949787144192
872597623034785792
872597637761052672
872598706356453376
872702544585383936
872717085801152512
874758844509028352
876111492357271552
878492725867298816
879921499532087296
880199746261884928
881502384450674688
881527301342584832
881562418111029248
881919634039025664
881921012417388544
881937783299952640
881996461520674816
882360325781237760
882361285823930368
882397022166413312
882408644171755520
882427437010665472
882991066827436032
882991206212489216
883084842107256832
883343785953902592
884218644842020864
884218770587299840
884219269537562624
884219763995496448
884234679007797248
884252933608493056
884275077554089984
884502928463192064
884794666704670720
884891272531632128
885183845603192832
885183863135379456
885220522883248128
885226738149732352
885479528587513856
885516335408705536
885914726311526400
885941685808705536
885972175961935872
886311012768636928
886317373254500352
